0.789537	-0.327687
0.94632	-0.126107
0.995887	-0.191579
0.908975	-0.045988
0.986531	-0.368162
0.785924	-0.183706
0.939614	-0.0792216
0.701644	-0.170783
0.823777	-0.257576
1.01961	-0.246542
1.03044	-0.257994
0.89962	-0.201596
1.05442	-0.418662
1.06819	-0.366169
0.819464	-0.404302
1.8781	-1.76051
2.08743	-2.30498
1.64793	-1.29436
2.4854	-2.82477
2.33394	-2.52902
2.00911	-2.23
2.04233	-2.39168
1.87356	-2.22771
2.24105	-2.72815
2.2276	-2.67579
1.95469	-2.31732
2.22322	-2.6972
2.15013	-2.70804
2.21613	-2.81125
2.42435	-3.04673
2.6025	-3.28241
2.58273	-3.29305
2.6427	-3.36972
2.48354	-3.18164
2.6449	-3.40627
2.52969	-3.2506
1.49279	-1.28532
1.79157	-1.44365
1.66072	-1.42848
1.59163	-1.5166
1.5261	-1.53849
1.92593	-2.13103
1.93675	-2.23477
1.41954	-1.61774
1.54518	-1.82143
1.26215	-1.42757
0.940332	-0.997343
0.498549	-0.496494
0.653199	-0.961382
1.00571	-1.48867
0.696581	-1.26145
0.244066	-0.879987
0.181267	-0.845576
0.178698	-0.878322
0.230102	-0.951728
0.260818	-1.01459
0.447562	-1.16799
0.999884	-1.61191
1.03223	-1.44155
0.912788	-1.01946
1.22989	-1.44962
1.67919	-2.15608
1.71115	-2.3125
1.96027	-2.74022
2.0104	-2.75896
2.09941	-2.87413
2.10836	-2.83658
1.81817	-2.03832
1.77478	-1.49001
1.7105	-1.41005
1.34486	-0.901628
1.16495	-0.723089
1.07147	-0.670855
0.907832	-0.562563
0.754059	-0.682788
0.316221	-0.370353
0.0116148	-0.330261
-0.370485	-0.338187
-0.40077	-0.528756
-0.152293	-0.571132
0.029467	-0.746368
-0.0590518	-0.49993
0.113684	-0.441033
0.315356	-0.397863
0.263585	-0.258914
0.438845	-0.541377
0.809122	-0.947621
1.24773	-1.45265
1.51712	-1.68629
1.87431	-2.00306
1.74864	-1.89822
1.92182	-1.77617
1.96926	-1.87581
1.47508	-1.13062
0.176151	-0.244717
0.177851	-0.234224
0.191961	-0.27036
0.245655	-0.263743
0.172896	0.0483551
0.011432	0.129393
0.0532832	-0.108745
0.46772	-0.512683
0.560559	-0.298484
0.837405	-0.591343
0.808909	-0.699387
2.22568	-2.39592
2.65338	-2.79166
2.22558	-2.30857
0.53285	-0.785223
0.811427	-0.810456
1.69099	-1.43512
2.28417	-2.44117
2.13391	-2.33705
2.07183	-1.94723
1.43764	-1.2065
0.842994	-0.871746
0.917912	-0.946846
0.547672	-0.27474
0.25162	0.121702
-0.0467881	0.0339686
0.0544848	0.267375
0.312873	0.312475
0.702605	0.489623
0.9403	0.458187
0.921094	0.39824
0.723365	0.0668439
0.885186	0.102111
0.585052	-0.270235
0.610801	-0.343229
0.789712	-0.325957
0.972981	-0.394
0.800516	0.0153086
0.975619	-0.226577
0.82866	-0.266393
0.843727	-0.396288
0.653359	-0.328588
0.364057	-0.288846
0.862858	-0.564089
1.33275	-1.40156
1.3809	-1.50098
1.30032	-1.49084
1.08598	-0.791969
0.391684	-0.251398
0.60824	-0.474312
1.14406	-1.04
0.949869	-0.766795
1.12949	-0.994138
1.2788	-1.16273
1.4456	-1.3299
1.40783	-1.30233
0.88015	-0.567122
0.918848	-0.57014
1.38401	-0.820946
1.41968	-0.597054
1.86927	-1.15893
1.9918	-1.32301
1.97033	-1.03177
2.03793	-1.20741
2.12386	-1.14534
1.93247	-0.766852
1.55074	-0.676914
1.57542	-0.914873
1.36101	-0.860617
1.39544	-0.984098
1.50045	-1.03391
1.65897	-1.32558
1.08556	-0.583971
0.693504	-0.41175
0.549358	-0.294311
0.858944	-0.756307
1.01282	-1.01433
1.41097	-1.54615
1.20891	-1.35601
1.31695	-1.62481
1.44003	-1.4875
1.66547	-1.48297
1.66859	-1.42175
1.83338	-1.46974
2.00738	-1.39294
1.32236	-0.704542
1.89562	-1.28732
2.94686	-2.55065
1.80815	-1.07872
1.47687	-0.977698
1.71314	-1.32098
2.48764	-1.80417
2.03732	-1.24284
1.88487	-0.859766
1.90068	-1.36402
1.4775	-0.832682
1.52799	-0.954027
1.14414	-0.631258
1.30139	-0.810024
1.2399	-0.894371
1.16117	-0.53432
1.1185	-0.414072
0.99703	-0.318339
0.969257	-0.0837658
1.08691	-0.106002
0.949341	-0.278273
1.13918	-0.582864
0.874392	0.0241648
0.917766	-0.129179
0.948537	-0.189759
0.956399	0.0434531
0.628053	-0.276644
0.567383	0.187633
0.718388	0.0488948
1.02865	-0.221528
1.1283	-0.174102
1.02913	-0.455036
0.706497	-0.171521
0.884986	-0.535618
0.996341	-0.473294
1.02706	-0.28131
0.845826	0.0252362
0.850648	-0.196773
0.830494	-0.526944
0.421828	-0.620639
1.29325	-1.05279
1.04132	-0.588739
0.686377	-0.101318
0.186944	0.258215
0.50327	0.261206
1.12609	-0.407483
1.22302	-0.718548
1.27418	-0.791665
1.32049	-0.932709
1.52374	-1.21865
1.27856	-0.980288
1.25019	-1.06071
1.33908	-1.37539
1.33773	-1.55698
1.17374	-1.42094
1.11388	-1.4578
1.24533	-1.71287
1.28602	-1.81547
1.15287	-1.72592
1.09993	-1.65264
0.869958	-1.46952
0.520463	-1.19128
0.51475	-1.13554
0.508115	-1.00575
0.615627	-0.867561
0.661453	-0.673979
0.654486	-0.458984
0.607038	-0.319024
0.572332	-0.246479
0.47411	-0.124786
0.468844	-0.154247
0.532467	-0.371639
1.18611	-1.09257
2.71847	-2.88286
3.06535	-3.04923
1.30582	-0.553982
1.67815	-1.50076
2.11618	-1.78606
2.71614	-2.42023
1.41411	-0.837047
1.92025	-1.43002
2.3468	-2.17154
1.82686	-1.54247
1.47307	-1.12381
1.33338	-0.988189
1.1287	-0.783986
1.25568	-0.970342
1.03159	-0.640096
1.039	-0.590213
1.1331	-0.636553
1.17648	-0.605851
1.28301	-0.654337
1.57133	-0.998479
1.90843	-1.51194
1.61925	-1.16691
1.52884	-1.2271
1.5045	-1.32198
1.52967	-1.53011
2.13814	-2.49322
2.1974	-2.70845
2.12209	-2.51454
2.29702	-2.86633
2.5128	-3.21893
2.25749	-2.7647
2.4352	-2.99172
1.55372	-1.17782
1.18366	-0.598774
1.28855	-0.810787
1.61824	-1.3543
2.0909	-2.1302
2.03822	-2.44567
2.34517	-3.00617
2.38307	-2.99489
2.35426	-2.97259
1.94675	-2.20903
1.96976	-2.06045
2.05316	-2.12251
2.05954	-1.96566
1.14145	-1.0695
0.953805	-0.845018
1.00373	-0.68818
1.00892	-0.704268
0.946546	-0.347862
0.883158	-0.0916016
0.404254	-0.114131
2.15534	-2.006
1.70279	-1.30619
2.04296	-1.58609
3.42963	-3.91594
2.73964	-2.48548
1.66243	-1.12553
1.30273	-0.767408
1.37268	-0.884625
1.01164	-0.87819
1.13307	-0.657097
0.898933	-0.607859
1.14198	-0.50946
1.37247	-0.699057
0.724092	-0.289639
0.602448	-0.202619
0.612786	-0.215825
0.828804	-0.40695
0.837125	-0.406301
1.08537	-0.609393
0.969676	-0.729245
0.885457	-0.564846
0.931856	-0.476621
0.931067	-0.599082
0.796684	-0.325104
1.16586	-0.850854
1.64812	-1.28797
1.24929	-0.587327
1.84651	-1.63606
0.870169	-0.472521
0.600411	-0.435217
-0.267254	-0.136476
-0.224972	-0.2319
0.140502	-0.0744611
0.416031	0.126888
0.85302	0.360151
0.704665	0.110308
0.94815	0.428896
0.895568	0.281038
0.784269	0.0726189
0.376181	-0.328854
0.69426	-0.755492
0.463418	-0.694366
0.745594	-0.871702
0.766506	-0.578151
0.706898	-0.73752
0.471351	-0.412092
-0.327477	0.0185132
-0.426215	0.0183612
0.161557	0.387638
0.233875	0.257348
0.429523	0.0643747
0.712583	-0.107057
0.520243	0.0348524
0.421317	-0.00980792
0.45209	-0.104237
0.983524	-0.808205
0.834753	-0.562689
0.881396	-0.749197
2.20348	-1.73446
2.97064	-2.66236
3.50921	-3.64367
3.39951	-3.93436
2.42223	-2.93872
2.46584	-2.93945
2.35032	-2.63349
1.69486	-1.61082
1.00297	-1.22329
0.43619	-0.93765
0.261313	-1.00707
0.348959	-1.09425
1.25378	-1.48667
1.96983	-2.22276
2.63289	-3.30744
2.16955	-2.54077
1.80628	-2.06306
1.78162	-1.9807
1.57462	-1.52079
1.15057	-0.901564
1.19368	-1.09657
1.0044	-0.672392
0.899656	-0.626525
1.15254	-0.516705
1.24108	-0.713173
1.17037	-0.161884
1.10588	-0.449953
1.8453	-1.63474
2.07338	-2.27529
2.27055	-2.2884
2.8541	-2.87954
2.8642	-2.45402
2.08429	-1.54048
1.18774	-0.983339
1.17647	-0.91027
0.44104	0.349398
0.207197	0.0737113
0.882018	-0.478276
1.06414	-0.813982
1.19029	-0.866486
1.15688	-0.775626
1.0189	-0.541356
1.50265	-1.13261
0.865303	-0.388136
1.72318	-1.21978
2.19996	-1.84497
2.72162	-2.61972
2.28353	-1.97507
2.41934	-2.21586
2.05196	-1.64804
2.11752	-1.73203
2.21577	-1.92468
2.44414	-2.29233
2.57222	-2.5298
2.24191	-2.69221
2.20551	-2.72569
2.03882	-2.22872
2.12257	-1.98029
1.84104	-1.30696
2.05763	-1.56033
1.79194	-1.12781
1.61181	-1.16985
1.13486	-1.00074
1.13318	-0.788918
1.14605	-1.00465
0.956802	-0.622094
0.921882	-0.851216
0.980937	-0.778661
0.874336	-0.152361
0.992597	-0.0479623
1.07632	-0.283762
0.936847	-0.170986
0.883176	0.0032692
0.887556	-0.0379838
0.895559	-0.0803335
0.933482	-0.17038
0.846227	-0.287417
0.948653	-0.366096
0.742124	-0.0845142
0.352526	-0.213112
0.530994	-0.247334
0.978726	-0.971956
0.874454	-0.906956
0.863551	-0.886861
0.476707	-0.549609
-0.0413375	-0.00999963
-0.260549	0.103386
-0.0344305	0.0987782
0.163228	0.200992
0.252544	0.517291
0.419874	0.540953
0.777334	0.254106
0.586771	0.145169
0.448029	0.0709778
0.595454	-0.213633
0.429919	-0.0718989
0.727908	0.21998
0.634206	0.146656
0.645808	0.111579
0.732947	-0.261017
1.92253	-1.35763
1.93838	-1.33728
1.96121	-1.31979
1.96043	-1.35451
1.94353	-1.3299
1.68838	-1.09014
-0.0448305	0.0311203
-0.305078	0.218981
0.172622	0.32157
0.36069	0.514692
0.110563	0.313476
0.449975	0.548733
0.207127	0.0445549
0.270774	-0.479001
0.757162	-0.682546
1.23982	-1.3174
0.766235	-0.744782
1.31342	-1.21308
2.14431	-2.45647
2.14886	-2.40222
2.25124	-2.45804
2.04432	-2.0971
1.75176	-1.55575
1.71166	-1.2709
1.8298	-1.40832
1.98405	-1.6057
2.31087	-1.87631
2.09949	-1.42567
1.74074	-0.921161
1.79276	-1.00429
1.47634	-0.609435
1.2066	-0.259752
1.69177	-0.762668
1.14617	-0.691091
0.646319	-0.136952
1.17541	-0.577625
0.843974	-0.0064192
1.58888	-1.00996
2.49817	-2.51645
2.67895	-2.76407
2.5045	-2.52875
2.03485	-1.80254
1.82577	-1.40463
1.79076	-1.35594
2.13908	-1.67633
1.51695	-0.961995
1.2699	-0.882773
0.610273	-0.535387
0.751882	-0.0955882
0.92729	0.186325
1.01608	0.205759
1.03212	0.233372
1.07919	0.170828
1.06621	0.19649
0.86856	-0.482988
1.13711	-0.503377
0.880982	-1.14048
0.719986	-1.03572
0.709191	-0.911906
0.848582	-0.984285
0.811057	-0.902688
0.974705	-0.916668
1.13436	-0.905132
1.21962	-0.812198
1.16493	-0.509036
1.72356	-1.1305
1.56286	-1.0266
1.83836	-1.17118
1.68703	-1.26701
1.3672	-0.934481
1.39647	-0.934562
1.52252	-1.30715
1.73997	-1.8186
2.00446	-2.26122
1.16476	-0.644847
0.827805	-0.872434
0.594019	-0.631864
0.654091	-0.877374
2.16311	-1.89022
2.0236	-1.73374
2.13149	-1.84272
1.91968	-1.7098
2.43565	-2.44388
2.14671	-2.14496
1.94306	-1.93493
1.64754	-1.65308
1.41309	-1.56174
0.901702	-1.17225
0.398826	-0.917437
0.188535	-0.878377
0.121838	-0.949356
0.21866	-1.0828
0.400708	-1.23495
0.72146	-1.37845
0.869048	-1.30826
0.703721	-1.05182
0.71458	-0.931184
0.918951	-1.17613
0.841895	-0.981534
0.820011	-0.760612
1.03598	-1.04344
0.759047	-0.730789
0.132671	-0.351293
0.199483	-0.152895
0.36559	0.360647
0.539825	0.40469
0.420947	0.282256
0.511945	0.698417
0.65145	0.710919
0.66106	0.629208
0.683311	0.678002
0.32488	0.0992403
0.137509	0.111007
0.315791	0.0403368
0.77045	-0.313354
1.82968	-1.46683
2.088	-1.50816
2.04335	-1.51949
1.88855	-1.45329
1.84917	-1.39359
2.26003	-1.90724
2.47272	-2.11039
2.96208	-2.94415
3.01077	-2.9839
3.19303	-3.16578
3.564	-3.40736
2.7514	-2.27168
2.57134	-2.07322
2.136	-1.58414
1.98974	-1.362
1.1455	-0.706284
0.741043	-0.306859
1.00482	-0.481232
1.08169	-0.903887
1.35609	-1.0606
1.08241	-0.641279
0.953971	-0.538231
1.05832	-0.48171
0.918182	-0.220218
0.990113	-0.326774
1.0888	-0.275705
1.04778	-0.289223
1.08559	-0.039486
0.747467	-0.26858
1.02563	-0.395273
0.980817	-0.294757
0.978581	0.0900048
1.15698	-0.318514
1.04372	-0.181905
0.804723	-0.117318
0.946439	-0.300811
1.31138	-0.834577
1.22971	-0.891026
1.40844	-1.01495
1.15291	-1.05576
1.16487	-1.12394
1.56752	-1.49658
1.43303	-1.13512
0.7808	-0.72105
0.775256	-0.969892
0.960332	-1.3589
0.667372	-1.1893
0.612744	-1.08262
0.636369	-1.19218
0.400766	-0.888933
0.0849074	-0.61131
0.0534698	-0.575801
0.253809	-0.410049
0.309088	-0.278899
0.397487	-0.00427274
0.54096	0.356139
0.665564	0.46299
0.356504	0.340726
0.45498	0.269356
0.532993	0.380182
0.699963	0.39468
0.371986	0.10948
0.488854	-0.446469
1.36341	-1.50831
1.89178	-2.07911
1.87489	-2.03332
2.32391	-2.71508
2.17089	-2.5014
1.97791	-2.24009
2.0861	-2.43889
1.90842	-2.21201
1.99328	-2.34362
2.44924	-2.8798
2.56206	-2.9943
2.50677	-2.70479
2.71288	-3.24405
2.67722	-3.26801
2.22978	-2.54356
2.57695	-3.09091
2.41471	-2.91116
2.53775	-3.16916
2.30423	-2.82643
0.539111	-0.716434
-0.192621	-0.593965
0.0536327	-0.597535
0.320942	-0.401255
0.174325	-0.55927
0.229102	-0.860528
0.308392	-0.322962
0.193015	-0.15322
0.0287855	-0.499434
-0.122509	-0.278273
-0.045406	0.0832975
0.814966	-0.593876
1.47919	-1.30559
1.81108	-1.63095
2.07461	-1.92495
2.28614	-2.14664
2.6236	-2.51673
2.45122	-2.02836
2.38064	-1.75934
1.85797	-1.14068
0.717949	-0.550783
0.477827	0.0865234
0.787046	0.267088
1.07932	0.374475
1.02482	0.0268267
0.790142	0.107813
0.736739	0.462206
0.799546	0.177398
0.920593	-0.957873
0.557094	-0.761558
0.307364	-0.621236
0.253529	-0.614522
0.319244	-0.70215
0.405707	-0.872595
0.638726	-0.507803
0.653738	-0.44068
0.825657	-0.698154
0.800363	-0.55215
0.798671	-0.296499
0.892257	-0.435525
0.887038	-0.541527
1.6215	-1.13416
1.90898	-1.25279
2.40543	-1.89683
2.4883	-1.99514
2.09528	-1.49308
3.13403	-3.79118
2.88341	-3.65778
2.53212	-3.20429
2.59608	-3.263
2.65762	-3.41533
2.52231	-3.24427
2.4366	-3.1244
2.38392	-3.0406
2.05234	-2.37923
2.09166	-2.32673
2.25551	-2.46192
1.52196	-1.32545
1.88332	-1.80224
1.47505	-1.14314
1.88539	-1.81738
2.1227	-2.18769
1.81398	-2.00817
1.85961	-2.05304
1.41343	-1.56566
1.16954	-1.10061
1.2971	-1.1519
1.29664	-1.04545
1.18804	-1.09475
1.37327	-1.117
0.845899	-0.758949
1.13398	-0.935123
0.85313	-0.637693
1.45912	0.736489
1.36341	0.293404
0.407995	0.238988
0.0757427	0.0819497
0.225383	-0.447946
0.22379	-0.7117
0.548219	-0.870239
0.860781	-1.14314
1.96239	-2.38963
1.67618	-1.94575
1.45883	-1.6664
0.897944	-0.86995
0.541669	-0.620046
0.848207	-0.814269
0.829093	-0.649748
0.909959	-0.629294
0.966104	-0.835887
1.0251	-0.823141
1.10585	-0.561827
1.02988	-0.712164
0.854241	-0.391379
0.908449	-0.290464
0.863082	-0.487149
0.75811	-0.319995
1.62617	-1.2823
1.64673	-1.08903
2.17582	-1.96295
2.48744	-2.55793
2.96144	-3.18505
2.59563	-2.34252
1.61853	-1.18447
0.41534	-0.0310681
0.163635	-0.131837
0.105781	0.0834058
0.372402	0.412464
0.330807	0.39143
0.353874	0.0923706
0.550026	-0.0841647
0.656993	-0.124935
0.495422	0.150319
0.275012	0.196332
0.408198	0.581248
0.239536	0.163044
0.320904	0.155702
0.289651	0.117634
0.130584	-0.0646422
1.7301	-1.83555
1.96947	-1.99088
1.19798	-0.80135
1.43303	-1.37356
2.47233	-2.37378
2.90117	-3.22292
2.8107	-2.65355
2.07354	-1.70213
1.55331	-0.993688
1.54369	-0.694626
1.42636	-0.492665
1.80867	-1.1861
1.98532	-1.49859
1.7335	-1.24734
1.74824	-1.27242
1.83004	-1.32297
1.65365	-1.09455
1.50509	-0.88089
1.95935	-1.34613
2.26149	-1.71977
2.3297	-1.8739
2.486	-1.92185
2.61014	-2.32137
2.68991	-2.31178
2.52121	-2.05008
2.67517	-2.27579
2.66016	-2.3916
2.65812	-2.55419
2.46354	-2.33293
1.86486	-1.45499
1.35391	-0.92267
1.1132	-0.497318
0.732593	-0.106986
0.727003	-0.182195
0.853515	-0.327302
1.09218	-0.744254
1.12285	-0.462077
0.650816	-0.0336582
0.634426	0.0501335
0.77571	-0.08162
0.632497	0.454035
0.475383	0.44142
0.393935	0.527417
0.35127	0.293384
0.421774	0.614167
0.0512999	0.478707
0.357452	0.519395
0.368958	0.653835
0.358671	0.713128
0.0548902	0.348361
-0.013876	0.117098
-0.131351	0.179839
0.134605	0.57446
0.269368	0.587212
0.236857	0.349037
0.531196	0.264497
0.751421	0.203655
0.791172	0.162393
0.807827	-0.0223985
0.996619	-0.37317
0.754244	-0.0680452
0.661643	0.00378947
0.909325	-0.270103
1.05356	-0.316412
0.825222	0.00595579
0.960545	-0.275016
0.966482	-0.186307
0.566288	-0.299031
0.89787	-0.182183
0.799912	-0.0665716
0.980845	-0.4015
0.988014	-0.223256
0.998292	-0.125382
0.857464	-0.192662
0.867709	-0.178083
1.03858	-0.330275
1.1151	-0.315619
0.987903	-0.30925
0.867805	-0.747899
1.23376	-0.775273
1.30703	-1.26428
1.36273	-1.32371
0.0918451	-0.190918
0.296222	-0.1396
1.25403	-0.837608
1.04828	-0.578929
0.876206	-0.289054
0.499746	0.202485
0.595534	0.0803803
0.35423	0.214111
0.505133	-0.0537918
0.521106	-0.395596
0.298159	-0.0560757
0.192927	-0.119272
0.177873	-0.0724371
0.207673	-0.0725023
0.163562	0.229713
0.0695331	0.15798
0.0514118	0.230921
0.166444	0.373521
0.110931	0.153206
0.473621	-0.0332766
1.14673	-0.498767
1.56703	-0.900813
1.40415	-0.54048
1.6389	-0.729379
1.87974	-0.995008
2.31294	-1.75078
2.75497	-2.41675
2.28468	-1.63369
2.96206	-2.67539
2.34904	-1.79208
2.44543	-2.40421
2.15397	-2.35486
1.72675	-1.75411
2.1443	-2.17857
1.99044	-2.03245
1.6697	-1.42485
0.47186	-0.00523321
-0.477747	-0.0351625
-0.508514	-0.352809
-0.321735	-0.40818
-0.397879	-0.0750313
-0.174557	0.166834
0.344697	0.00922198
0.695436	-0.192493
0.656959	-0.129688
1.06411	-0.627945
1.1117	-0.60153
1.0785	-0.653926
1.23207	-0.909357
0.977885	-0.723565
0.502673	-0.444995
0.17274	-0.22464
-0.0186514	0.0719728
0.146451	0.51347
0.0645414	0.43959
0.135347	0.314789
0.757449	0.931272
0.433185	0.553119
0.421455	0.00234347
0.306731	-0.363487
0.411984	-0.180292
0.650857	0.0562295
0.689871	-0.284286
0.619877	-0.0256043
0.408513	0.14597
0.796499	-0.761326
0.746551	-0.736428
1.81134	-1.90001
1.46332	-1.73739
1.05136	-1.26122
1.07365	-1.19505
1.63786	-1.73854
1.3039	-1.20734
0.836937	-0.647084
0.667413	-0.500208
0.649176	-0.577596
0.588537	-0.50685
0.617303	-0.557633
0.769462	-0.789935
0.395977	-0.435714
0.275774	-0.32807
0.00463187	0.0185125
-0.161163	0.0609462
-0.155884	-0.244439
0.388288	-0.615491
0.913333	-1.09591
0.717382	-0.935679
1.13909	-1.09598
1.33091	-1.10392
1.96031	-1.44622
1.79762	-1.0957
1.78518	-1.08605
1.92367	-1.08913
2.211	-1.29283
2.80121	-2.13395
3.16138	-2.57189
2.50453	-1.87912
3.42701	-2.93653
2.53414	-1.5885
1.91569	-0.987615
1.94357	-1.23626
1.5424	-0.733826
1.46296	-0.652951
1.56608	-0.902881
1.50695	-0.831073
1.96963	-1.4439
2.04631	-1.31017
1.93478	-1.2407
2.4932	-2.03587
2.45742	-1.9548
2.99535	-2.84581
2.50602	-2.22198
2.11803	-1.93401
2.79568	-3.19243
2.51233	-2.71715
2.12932	-1.95622
2.23285	-1.77596
1.4355	-1.0473
1.173	-0.651313
1.72078	-1.59657
1.97884	-2.18451
2.12074	-2.48361
2.27234	-2.54274
2.47974	-2.69462
2.62084	-2.74683
1.70866	-1.40552
2.34521	-2.18392
1.99017	-1.47729
2.38281	-1.64766
2.88935	-2.35579
2.62438	-2.42074
2.17106	-1.75554
1.93616	-1.41506
1.68849	-1.0107
1.76297	-1.1569
1.21737	-0.522466
0.653219	-0.1998
0.795913	-0.181977
1.14665	-0.701016
1.14146	-0.428492
1.28161	-0.648527
1.10716	-0.499342
1.339	-0.650367
0.944908	-0.180279
0.991861	-0.311392
1.176	-0.160627
0.804543	-0.106753
1.19654	-0.421293
1.48472	-0.75299
1.18478	-0.157694
0.915453	-0.236581
1.20085	-0.448454
0.83429	-0.12628
1.2958	-0.748417
1.02444	-0.21299
0.899966	0.0157467
1.09172	0.0109188
1.05891	-0.245841
1.08691	-0.258897
1.09954	-0.184312
0.896271	-0.136864
1.06114	-0.16036
0.832366	-0.301216
1.0761	-0.0308635
0.834621	-0.142466
0.416553	0.205768
0.492842	0.115262
1.57672	-0.945965
1.18751	-0.452705
0.676395	-0.0356117
1.2133	-0.525459
1.55778	-0.928541
1.57884	-0.994237
1.37344	-0.798265
1.70065	-1.2199
1.41805	-0.868569
1.28573	-0.916277
2.02008	-2.57241
1.95458	-2.54552
2.01488	-2.67871
2.05188	-2.73926
2.00534	-2.66416
2.08066	-2.76437
2.1248	-2.71979
2.02552	-2.57387
1.13234	-1.13487
1.40006	-1.08768
1.17156	-0.851271
0.887575	-0.763177
0.546379	-0.6115
1.24116	-1.27171
1.55863	-1.58217
1.39672	-1.27743
1.40718	-1.12815
1.64584	-1.27161
1.70793	-1.26552
1.90758	-1.4956
1.59276	-1.04534
1.53754	-0.958301
1.24857	-0.60008
1.24582	-0.604637
1.23363	-0.618025
2.04375	-1.67005
1.3942	-0.924514
1.51687	-0.881836
1.42687	-1.14295
1.07373	-0.672964
1.1019	-0.594912
1.1533	-0.493798
1.10219	-0.680534
0.988146	-0.567223
0.984018	-0.372062
0.699297	-0.215712
1.49297	-1.33502
2.15347	-1.99344
2.11181	-2.47705
1.31138	-1.35781
1.97322	-2.01523
1.5925	-1.43527
1.84259	-1.51008
2.25761	-2.07816
2.17507	-1.8072
2.38901	-2.25965
2.17362	-2.01632
3.55912	-3.84274
2.84275	-2.70585
2.66972	-2.03244
2.51197	-2.23601
2.38436	-2.23965
1.87029	-1.60544
2.27738	-1.87866
1.49526	-1.10297
1.16291	-0.652349
1.18922	-0.541
1.10558	-0.598684
0.970993	-0.469607
1.0228	-0.562572
0.851352	-0.482815
0.624458	-0.40297
0.372675	-0.310069
0.585718	-0.16265
0.646628	-0.399724
0.348335	-0.785294
0.240789	-0.884942
0.176717	-0.8574
0.234989	-0.462136
0.440896	-0.700528
0.618286	-0.873844
1.10094	-1.33011
0.792682	-0.87884
0.61133	-0.573514
0.638052	-0.557191
0.658818	-0.51938
1.00756	-0.764955
1.51251	-1.35795
2.1305	-2.04867
1.85381	-1.4812
2.04691	-1.69194
1.76022	-1.4955
2.02122	-1.90605
1.58027	-1.50142
1.48966	-1.3155
0.572215	-0.558382
0.365828	-0.199263
0.455995	0.0195478
0.449469	0.27521
0.516768	0.340386
0.366144	0.555427
0.504134	0.473627
0.556158	0.569738
0.195806	0.174778
0.471141	0.0429998
0.886529	-0.354462
1.13683	-0.885138
1.65051	-1.49365
1.33573	-0.959285
1.11724	-0.693407
1.28581	-0.734392
1.51441	-1.12031
1.67079	-1.25738
1.65312	-1.45144
0.25462	-0.369136
-0.201396	0.0505537
0.123991	0.00500143
0.967363	-0.201057
1.26343	-0.609538
1.24841	-0.969446
1.16886	-0.729446
1.02162	-0.66731
0.788827	-0.152361
1.03408	-0.576294
1.00585	-0.507783
1.02232	-0.424472
1.14422	-0.507854
1.2002	-0.597677
1.25073	-0.599177
1.3559	-0.994928
1.54802	-1.23144
1.44521	-0.957982
1.52233	-0.970007
2.01497	-1.479
2.33653	-1.90103
2.22104	-1.66844
2.22464	-1.6015
2.02248	-1.15833
2.38719	-1.78793
2.48505	-2.20079
2.85092	-2.87239
2.18319	-1.82327
0.80118	-0.412008
0.101757	-0.117546
-0.237576	-0.154271
0.144195	-0.243731
0.870289	-0.908677
0.884395	-1.14507
0.526931	-0.97351
0.426226	-1.00478
0.337163	-1.13842
0.140558	-0.884223
-0.23263	-0.822066
-0.12761	-0.720139
0.274388	-1.00643
0.443794	-1.10014
0.214212	-0.696333
0.933672	-0.823267
0.634175	-0.234007
0.747746	-0.176922
0.715172	-0.103393
1.09922	-0.57989
1.06931	-0.50847
1.15953	-0.388312
0.803545	-0.225604
0.894479	0.0100231
0.91364	-0.15748
0.99248	-0.0990722
1.08158	-0.222759
1.04062	-0.264888
1.00531	-0.533251
0.797881	-0.284954
0.639414	-0.220901
0.316769	-0.13502
0.666226	-0.257834
0.777527	-0.291019
1.06352	-0.78301
0.916545	-0.341464
0.778636	-0.0022227
0.967869	-0.33329
1.02796	-0.346774
1.24712	-0.511907
0.93447	-0.160638
0.93815	-0.148217
0.952876	-0.0396804
0.998213	0.0802672
1.02657	-0.0606699
0.850567	-0.075542
0.804986	-0.437693
0.87322	-0.128388
0.97054	-0.0755403
0.859922	-0.145055
0.920545	-0.0728161
1.04161	-0.313469
0.90601	-0.155287
0.998851	-0.192093
0.862841	-0.607339
0.881346	-0.725982
1.35742	-1.10903
1.91262	-1.78982
1.59578	-1.03292
2.07025	-1.90648
2.36491	-2.26663
2.21994	-2.02489
1.67647	-1.3643
1.49267	-1.23408
1.79632	-1.7218
1.90658	-1.91155
1.41208	-1.1272
1.37128	-1.1802
1.10358	-0.73869
1.52739	-1.2956
1.37089	-0.884039
1.14164	-0.269381
1.07276	-0.323161
1.18264	-1.53218
1.00003	-1.27378
0.601823	-0.853238
0.631172	-0.861095
0.738418	-0.911081
0.784037	-0.71994
0.975499	-0.654362
0.850766	-0.238488
0.991509	-0.593398
0.979249	-0.885115
0.671829	-0.775233
0.627526	-0.425774
0.817069	-0.507102
0.968893	-0.544114
1.04927	-0.845013
1.51754	-1.44667
1.13847	-1.00311
1.194	-1.04896
1.18399	-1.03691
0.987577	-0.81737
0.949724	-0.769032
1.06239	-1.04611
0.309012	-0.428851
-0.144384	-0.0280781
-0.281452	-0.0591021
-0.151786	-0.141293
0.0208444	-0.0500287
0.895459	-0.580126
0.25134	-0.0562239
0.373113	-0.551183
0.587583	-0.629785
1.01468	-0.930139
0.905056	-0.508353
0.76549	-0.194562
0.992577	-0.541092
0.208754	-0.497556
0.658165	-0.360344
0.960023	-0.609733
1.44718	-1.25783
1.94777	-2.12155
1.79157	-1.90765
1.54359	-1.5409
1.63331	-1.49447
2.02717	-1.84288
2.03454	-1.93018
1.70435	-1.50906
0.525073	-0.504626
0.453359	-0.522389
0.182227	-0.420076
0.127783	0.052511
0.095386	0.187748
0.123756	0.408068
0.430483	0.388512
0.561699	0.632871
0.431557	0.217259
0.303637	-0.0126353
0.760502	0.0483858
0.402252	-0.338195
0.649739	-1.21024
0.679417	-1.28292
0.351015	-0.905178
0.365619	-1.00583
0.447216	-1.21153
0.492263	-1.2158
0.48299	-1.23702
0.570905	-1.2789
0.870908	-1.54384
0.76771	-1.36422
0.894899	-1.41864
1.01336	-1.43973
1.05674	-1.32466
1.09086	-1.29706
0.91854	-1.02503
0.972686	-0.989144
1.024	-0.955676
1.09057	-0.950099
1.14588	-0.965347
1.18961	-0.933619
1.3401	-0.999338
1.89125	-2.17274
2.5198	-3.23403
2.47857	-3.08493
2.06715	-2.43431
2.50741	-3.05441
2.36659	-2.82754
2.36101	-2.80128
2.54506	-3.15477
2.82821	-3.45295
2.61018	-2.97336
2.83414	-3.30043
2.71338	-3.18075
1.62851	-1.5823
1.60829	-1.39031
1.90643	-1.80517
1.49648	-1.16956
1.611	-1.2699
1.48407	-1.08813
1.21232	-0.793058
0.615716	-0.229137
0.171601	-0.0791312
-0.233992	0.11909
-0.239349	0.0397924
-0.20675	0.0967102
0.0450359	-0.0782653
-0.0683292	0.0191244
0.721926	-0.684813
1.02853	-0.895101
1.20391	-1.24802
1.10544	-1.2045
1.28829	-1.40119
1.28773	-1.30548
1.08076	-0.813295
-0.0789107	-0.258345
-0.109005	-0.495494
0.630642	-0.551269
1.29041	-0.987271
1.47191	-1.15475
1.17275	-0.769452
1.16819	-0.7298
0.986227	-0.349068
1.29732	-0.617099
1.3898	-0.919055
1.45971	-1.00751
1.46532	-0.955335
1.58584	-1.04145
1.58991	-1.03601
1.4498	-0.969774
1.56254	-1.02761
1.63699	-1.16631
1.57232	-1.0897
1.53278	-1.12218
1.46634	-1.13783
1.57635	-1.32807
1.75322	-1.49888
1.93673	-1.66871
1.91231	-1.68537
2.45492	-2.34173
2.22441	-1.79247
2.01395	-1.52019
1.82189	-1.55411
0.233225	-0.178936
0.124553	-0.257425
-0.0451844	-0.0748332
-0.192398	0.257048
0.410494	0.352382
0.44736	0.182426
0.469826	0.507788
0.458301	0.19292
0.472702	0.324194
0.687836	-0.370999
1.0115	-0.458087
1.95354	-1.26031
1.79841	-1.22233
1.99983	-1.40105
1.55091	-0.858387
1.67791	-1.11331
1.0974	-0.359136
1.15593	-0.529875
1.01434	-0.458901
0.776909	-0.239488
0.974743	-0.409422
0.818098	-0.524222
1.05645	-0.763828
1.03789	-0.700045
0.754544	-0.365277
1.00782	-0.353197
0.93783	-0.44927
0.686221	-0.0773905
0.549275	0.0833159
0.317424	-0.573289
0.381034	-0.605681
0.450519	-0.616705
0.997769	-1.02162
1.6983	-1.6227
2.04055	-2.24898
2.2639	-2.41045
2.42915	-2.65038
1.89303	-1.86097
2.03352	-1.94392
1.58754	-1.19206
1.43652	-1.38569
0.591913	-0.76422
0.100052	-0.188545
-0.0107413	0.125564
0.223035	0.351469
0.448942	0.188696
0.387982	0.125799
0.51803	0.299796
0.636454	0.442291
0.502082	0.292666
0.556134	0.264059
0.570131	-0.110049
0.749383	-0.13826
0.62561	-0.571562
0.576379	-0.632355
1.3354	-1.10942
0.472249	-0.394854
0.326182	-0.33839
0.240875	-0.585397
-0.326429	-0.336532
1.07686	-1.078
1.11603	-1.09317
1.26951	-1.28349
0.909017	-0.850164
0.908271	-0.785878
0.104394	-0.190556
-0.203336	0.0520359
-0.0752898	0.015331
0.0995599	0.371597
0.232681	0.282289
0.159674	0.283562
0.248331	0.408583
0.142117	0.208604
0.413551	0.101383
1.19268	-0.635934
1.22918	-0.63637
1.16877	-0.699457
1.56126	-1.1514
2.26142	-2.12355
2.11546	-1.65961
2.58898	-2.53615
2.6678	-2.55441
2.9387	-2.65396
2.8212	-2.36451
1.89709	-1.53108
1.0123	-0.679336
2.75442	-2.58543
3.37861	-3.71865
2.05733	-1.82224
1.72001	-1.40216
2.21778	-2.51326
2.3242	-2.83333
1.82969	-2.00902
1.73686	-1.83199
1.55261	-1.33926
1.49844	-1.23186
1.06691	-0.689129
1.20158	-0.877111
0.722391	-0.427888
1.23735	-0.956508
1.10719	-0.963719
0.526925	-0.519502
0.745504	-0.39524
0.0578426	0.0812934
-0.0446665	0.201406
0.484449	0.542387
0.571111	0.579527
0.273542	-0.0516918
0.405659	0.368861
0.476191	0.274913
0.317418	0.186719
0.278531	-0.00907678
0.702457	0.300345
0.475395	0.227607
0.539335	0.244083
0.497947	0.365062
0.856413	-0.497635
0.86757	-0.0517054
0.978331	-0.244814
0.863489	0.0048807
1.01573	-0.194058
0.929405	-0.234866
0.851221	-0.18302
0.765819	-0.0534915
0.858688	-0.0116571
0.952467	-0.118142
0.952426	-0.084852
1.00357	-0.106049
0.868071	-0.363787
0.912673	-0.171993
1.09616	-0.531414
0.813437	-0.175751
1.16705	-0.456562
0.957635	-0.38871
0.962497	-0.339594
1.07981	-0.3132
0.862436	-0.188342
0.862217	-0.121619
0.741806	-0.247779
0.532632	-0.261773
0.964939	-0.914908
0.929178	-0.996094
-0.305832	-0.57367
-0.39203	-0.702265
-0.298358	-0.802843
-0.250005	-0.819359
-0.169031	-0.849144
-0.0613056	-0.870613
0.019041	-0.789505
0.25395	-0.818936
0.542567	-0.85538
1.31852	-1.50524
1.75277	-1.87394
2.19101	-2.26294
1.98022	-1.49472
2.35705	-1.76229
2.16207	-1.64847
2.0966	-2.32117
2.11453	-2.2387
1.85882	-1.82103
2.01856	-2.05476
1.29839	-0.934098
0.74877	-0.0575142
3.00216	-2.60951
1.80376	-0.872994
1.3694	-0.301391
0.953263	0.101634
0.798704	0.203456
0.810773	0.238296
0.899263	0.225064
1.10672	0.0101079
1.26977	-0.682011
1.35717	-0.940618
1.51025	-0.951089
1.26471	-0.899195
0.936762	-0.378087
0.527319	0.26739
0.728646	0.0538789
0.770497	-0.400054
0.638181	-0.349753
1.15426	-0.670637
0.422664	0.0571588
0.0189167	0.299848
0.0308776	0.270287
0.0785759	0.189174
0.0938574	0.219782
0.895488	-0.632603
1.24883	-0.808751
1.12661	-0.996528
1.17928	-1.13106
0.269633	-0.11228
0.373098	-0.0372079
0.786277	-0.245813
1.19441	-0.904499
0.857587	-0.494457
1.46076	-0.929039
1.99657	-1.52259
1.38669	-0.918032
1.31172	-0.851815
1.22702	-0.710388
1.31215	-0.853079
1.73239	-1.7463
1.55728	-1.58986
1.79728	-1.91826
2.07224	-2.24522
2.26743	-2.49306
2.6478	-2.98759
2.40558	-2.66293
2.52489	-2.76647
2.60293	-3.00963
2.39762	-2.84157
2.2235	-2.69552
2.29425	-2.79631
2.45593	-3.00603
2.1421	-2.56479
2.24404	-2.75943
2.10135	-2.59347
2.03387	-2.52555
1.87232	-2.24827
1.65144	-1.9542
1.57819	-1.59792
1.11642	-0.717367
0.671338	-0.00855936
0.678387	-0.0076243
0.488866	0.150679
0.398744	0.186925
0.371497	0.204636
0.352821	0.178914
0.423886	0.133264
0.44461	0.0987694
0.517276	-0.0654074
0.786674	-0.452781
1.2231	-0.921497
1.39124	-0.868615
1.24446	-0.841542
1.48254	-0.893257
1.05743	-0.643349
0.723565	-0.324744
0.982557	-0.685062
1.69525	-1.60606
2.2326	-2.43097
2.46	-2.77871
2.7759	-3.33682
2.23512	-2.73136
1.74384	-2.15545
1.5083	-1.85487
1.34801	-1.55708
0.85844	-0.759847
0.713676	-0.40089
1.04176	-0.514272
1.35062	-0.8097
1.21956	-0.653608
2.39218	-2.03288
1.82571	-1.15506
1.3893	-0.796472
1.44322	-0.702082
1.1923	-0.500784
1.17519	-0.508524
1.34188	-0.58512
1.32754	-0.694222
1.35185	-0.634062
1.2094	-0.715922
1.08276	-0.581507
0.8927	-0.593584
1.56939	-1.08093
1.42593	-1.1304
1.86159	-1.6067
1.94796	-1.64027
2.12888	-1.85131
2.08317	-1.81838
2.38044	-2.20944
3.00558	-3.05856
3.64277	-3.98769
3.47527	-3.67062
3.21567	-3.67303
2.30437	-2.63426
2.2668	-2.49352
2.65116	-3.09233
2.1581	-2.37036
1.55291	-1.20397
1.28704	-1.01448
1.19074	-1.2254
1.21478	-1.09227
0.251232	-0.345058
0.14993	0.0672848
0.506218	0.408815
0.630991	0.705827
0.485711	0.573977
0.329103	0.327786
0.615551	0.42939
0.531643	0.256184
0.61856	0.267932
0.767988	0.177345
0.535999	0.0256241
0.3907	-0.587323
0.271366	-0.503588
1.14155	-1.58564
0.714809	-1.06624
0.746669	-0.875974
0.856253	-0.973688
1.30962	-1.32523
1.1344	-0.968928
2.02114	-2.04238
1.63292	-1.53973
1.0114	-0.84394
0.389676	-0.135018
0.387049	-0.0707231
0.183998	0.201568
0.105561	0.213909
0.250797	0.571467
0.449559	0.749859
0.778726	0.92058
0.623067	0.568667
1.00502	-0.390756
0.77183	-0.233915
0.737737	-0.297597
0.887008	-0.498892
0.618901	-0.135963
0.499583	0.108103
0.676656	0.083297
1.18519	-0.946388
1.57342	-1.08699
1.50153	-0.263106
2.01512	-1.17987
1.84458	-1.06567
2.22747	-1.67914
2.68956	-2.364
2.42913	-1.85136
2.09678	-1.28148
1.90865	-1.01132
1.88674	-1.33803
2.05238	-1.81976
2.16502	-2.27178
1.80943	-1.7018
1.13858	-0.819633
0.395918	0.0482577
0.29799	0.150343
0.35048	0.186561
0.511625	0.134687
0.532343	0.268479
0.265166	0.44308
0.127521	0.247776
0.386756	-0.233706
0.343823	0.102141
0.337569	-0.398045
0.629597	-1.07688
0.538064	-0.98194
0.377603	-0.905676
0.455826	-0.850271
0.621556	-1.11648
0.481142	-0.76068
1.1861	-0.917163
0.897194	-0.45696
1.01493	-0.60827
0.915214	-0.251319
0.776653	-0.0654824
0.883169	-0.197134
1.03502	-0.458489
0.848369	-0.222758
1.2562	-0.327136
1.09095	-0.125825
0.93387	-0.222653
1.23704	-0.548439
1.05012	-0.578841
1.20623	-0.582567
1.41982	-0.979779
2.06556	-1.2988
2.51545	-2.19541
2.19919	-1.78791
1.60412	-1.08575
1.7547	-1.36645
2.1287	-1.97364
1.51207	-1.18465
1.63106	-1.40384
1.19146	-1.05709
1.27559	-1.06931
1.00601	-0.931638
1.01955	-0.580106
0.991022	-0.293177
0.444344	-0.556747
0.732327	-0.533935
0.798052	-0.360531
1.01042	-0.789192
0.931535	-0.839839
0.896556	-0.761456
1.21545	-1.23922
0.974246	-0.989244
1.86316	-1.59859
1.79377	-1.19472
1.9139	-1.78666
2.33998	-2.52922
1.59474	-1.43327
1.4246	-1.12853
2.117	-1.44072
1.78164	-0.753247
1.6543	-0.809481
1.62801	-0.853187
1.4388	-0.919502
1.72767	-0.949539
1.39272	-0.658894
1.50856	-0.707923
1.49071	-0.479062
1.18591	-0.787506
1.30232	-1.00927
1.25459	-1.27533
0.959608	-0.600729
0.918816	-0.632322
0.946316	-0.855743
1.04587	-1.07403
1.06097	-0.794319
0.775479	-0.568157
1.11687	-0.747583
0.814827	-0.430864
1.08783	-0.520931
0.914747	-0.311389
0.930985	-0.342784
0.897476	-0.176215
1.03931	-0.415126
0.906844	-0.105197
1.03342	-0.0470742
1.13283	-0.271561
1.03692	-0.212168
1.05594	-0.226731
0.887877	-0.394135
0.910476	-0.185408
0.861148	-0.152112
0.930059	-0.116475
1.28314	-0.628983
0.962938	-0.222305
1.56279	-0.963681
1.55874	-0.858885
1.51742	-0.824383
1.87771	-1.36361
1.41317	-0.707757
1.25397	-0.423268
1.15739	-0.344417
1.46818	-0.564681
3.15711	-3.26596
2.12255	-1.32872
1.78468	-0.979401
1.76987	-0.933949
1.61546	-0.69541
1.53422	-0.634067
1.84631	-0.990578
1.83173	-0.978765
2.00421	-1.19132
1.95835	-1.23868
1.67283	-0.936195
1.23351	-0.471717
1.21513	-0.476892
1.38439	-0.672652
1.64926	-1.06363
2.1001	-1.78788
2.3177	-2.12354
2.60606	-2.43128
3.08914	-3.52663
1.70642	-1.7968
1.74195	-1.74508
1.73124	-1.77899
1.62322	-1.44459
2.05888	-1.64751
0.0434146	0.0088639
0.15981	0.252719
-0.282182	0.235724
-0.256621	0.126798
-0.0207806	0.190578
0.272418	0.375754
0.271614	0.157696
-0.0216071	-0.1821
0.208685	-0.327995
0.535223	-0.296088
0.123729	0.244259
0.0539776	0.235158
-0.128009	0.224039
0.00946383	0.133221
-0.186598	0.242528
-0.353626	0.375642
-0.511587	0.349053
-0.767896	0.552451
-0.582743	0.736149
-0.543036	0.633153
-0.400516	0.354826
-0.0363153	0.154157
0.237333	0.1642
0.151329	0.0814536
0.18824	0.0156984
0.919066	-0.778009
1.10073	-0.974231
1.98088	-2.00291
1.60228	-1.48654
1.81578	-1.86815
2.22341	-2.60327
1.97126	-2.35175
1.60922	-1.9123
1.68624	-2.06645
1.43683	-1.79636
1.16167	-1.5302
1.14713	-1.55786
1.18986	-1.62592
0.837492	-1.29161
0.60238	-1.12089
0.436819	-1.01001
0.460149	-1.00104
0.502033	-0.969928
0.629863	-0.997665
0.787124	-0.97572
1.18642	-1.22913
1.10282	-0.940371
1.47999	-1.06265
1.44104	-0.889745
1.57262	-0.968267
1.63577	-0.849119
1.87078	-1.08657
1.73995	-1.09127
1.41026	-0.557134
1.59838	-0.734152
2.36679	-1.76754
1.40771	-0.564836
1.03782	-0.142269
0.958604	-0.327752
1.0421	-0.454059
1.81896	-1.31475
1.62453	-1.36758
1.46704	-0.945615
1.52076	-1.10427
0.628214	-0.29695
0.367473	0.0549453
0.302637	0.469767
0.34023	0.28772
0.499414	0.61466
0.51346	0.387186
0.376202	0.416041
0.211814	0.395522
0.334304	0.389822
0.444899	0.178538
1.12905	-0.754597
1.84517	-1.30703
1.5842	-0.817706
2.12912	-1.43299
2.41308	-2.08025
2.45883	-2.13362
2.59468	-2.30585
2.68743	-2.6534
2.85343	-3.3307
2.9127	-3.64238
2.47929	-2.74571
2.03148	-1.86145
2.05046	-1.88298
1.87152	-1.90515
1.08274	-1.0533
1.44134	-1.34673
0.988014	-0.638085
1.04897	-0.678269
1.07846	-0.650595
0.640217	-0.0483344
0.627273	0.259114
0.87148	-0.290639
1.25741	-0.549549
1.41255	-0.608001
1.29038	-0.658194
1.43018	-0.966049
1.49361	-1.10584
1.22083	-1.09606
2.18512	-2.23364
2.28147	-2.56334
2.14888	-2.54726
1.86994	-2.18314
2.16668	-2.62896
1.95529	-2.38697
1.58623	-1.88424
1.14471	-1.13603
1.23848	-0.956047
2.26456	-2.31547
2.02674	-2.00968
2.04705	-2.05875
1.61701	-1.369
1.70179	-1.54185
1.46244	-1.23412
1.66414	-1.66744
1.70226	-1.65149
1.28871	-1.29211
1.40686	-1.57231
1.73263	-1.81809
1.69606	-2.00117
1.30241	-1.34187
1.37944	-1.4246
1.12265	-1.11738
1.27228	-1.16295
1.01861	-0.77929
1.52447	-1.16575
1.16147	-0.775832
1.02737	-0.55706
1.17217	-0.644241
0.903013	-0.220283
1.2142	-0.512331
0.804082	-0.167223
0.91633	-0.206642
1.00378	-0.196116
0.867486	-0.266808
1.05973	-0.324043
0.713996	0.00182843
0.777357	0.0156825
0.831997	-0.124814
0.779123	-0.212947
1.04433	-0.140446
1.13565	-0.443759
0.993588	-0.42856
0.87325	-0.198815
1.01219	-0.300773
1.0004	-0.429776
1.04156	-0.846964
1.25326	-0.949316
1.63555	-1.62977
1.18367	-0.831674
1.06333	-0.830972
1.39659	-1.16114
1.05535	-0.822938
2.67825	-2.81183
2.51544	-2.35034
1.94381	-1.45658
1.79503	-1.11875
1.7665	-1.33027
1.74056	-1.07505
1.70249	-1.08286
1.38118	-0.862918
0.946484	-0.546104
0.97795	-0.585771
0.890247	-0.605924
0.753247	-0.726717
0.983573	-1.44054
0.624404	-1.08627
0.592	-1.03811
0.554911	-0.726574
0.928012	-0.967929
0.882166	-0.576023
0.711233	-0.495966
0.676211	-0.487039
0.548981	-0.438113
0.750081	-0.29736
0.978008	-0.381242
0.930922	-0.0648656
1.23735	-0.527112
1.30882	-0.880242
1.58913	-1.23376
1.4803	-0.854222
1.91604	-1.18191
1.16085	-0.267057
1.03151	-0.140369
0.792923	-0.0612517
0.928115	-0.632009
0.544517	-0.587903
0.447987	-0.413816
0.541679	0.0259
0.31891	0.223439
0.50654	0.406104
0.641578	0.466098
0.581356	0.434271
0.794749	0.788197
0.563748	0.663356
0.806834	0.855576
0.626398	0.49434
0.703736	0.565415
0.935261	0.442223
0.758756	0.421751
0.663993	-0.544977
1.21578	-1.29734
0.943522	-0.927218
0.749241	-0.52441
0.729754	-0.389208
0.697405	-0.301233
0.74938	-0.277948
0.892681	-0.385513
0.996348	-0.431686
1.04068	-0.442252
1.21266	-0.514916
1.32967	-0.642784
1.37416	-0.682339
1.37506	-0.545672
1.57032	-0.813251
1.56249	-0.828755
1.84808	-1.18146
1.76308	-0.873212
1.68229	-0.474685
1.89096	-0.675401
1.7027	-0.20769
1.57419	-0.145276
1.59869	-0.181588
1.87643	-0.646805
1.81182	-0.585242
1.85266	-0.638898
1.78104	-0.775486
1.14602	-0.426769
1.06849	-0.819131
1.49075	-1.1656
1.74238	-1.10045
1.51748	-0.623286
0.547968	0.0177189
0.340959	-0.255811
-0.282146	0.220306
-0.0589555	0.367725
0.0175948	0.501815
0.18669	0.328829
0.335215	0.500891
0.604093	0.529058
0.472245	0.567144
0.511669	0.532994
0.568184	0.721469
0.33728	0.107055
0.558689	-0.0572329
0.59112	-0.258911
0.75994	-0.438227
1.18653	-0.763454
1.74056	-1.17717
2.11057	-1.33795
2.28006	-1.71598
2.4242	-2.16738
2.10386	-2.57668
2.20265	-2.78543
2.15445	-2.70244
2.25962	-2.83931
2.04413	-2.49293
2.09339	-2.5977
2.07382	-2.68741
1.96443	-2.62657
2.28748	-3.08463
2.40923	-3.24659
2.02199	-2.796
1.49455	-2.17821
1.96734	-2.57015
1.82089	-2.32826
0.926095	-0.884114
1.00195	-0.867243
1.11609	-1.06314
1.12745	-1.10636
0.955981	-0.947884
1.47291	-1.62649
1.6344	-1.78941
1.83059	-2.09488
2.15925	-2.64107
1.98249	-2.48516
1.50046	-1.57954
0.881993	-0.737653
1.15803	-0.983539
1.14479	-0.988832
1.03577	-0.810024
0.219603	-0.13487
0.15493	0.372287
0.00162844	0.26028
0.263099	0.135924
0.605252	-0.087445
0.782616	0.0540997
0.400317	-0.284143
0.327044	-0.243478
1.06196	-0.824053
1.76403	-1.49998
1.39401	-0.706242
1.04242	-0.306191
1.57475	-1.04564
2.19663	-2.06673
1.85569	-1.70839
1.58295	-1.4122
1.65578	-1.42925
1.24355	-0.708598
1.03157	-0.553056
0.963759	-0.413964
0.825666	-0.315577
0.929804	-0.166663
1.08277	-0.721638
0.9995	-0.785914
1.25922	-1.01723
1.50393	-1.35697
2.80303	-3.09642
2.66216	-2.89828
2.35811	-2.29212
2.44531	-2.25761
2.09531	-2.39967
2.26401	-2.77038
2.52167	-3.22002
2.41247	-3.09321
2.58412	-3.28724
2.44345	-3.0893
1.92378	-2.22199
1.0491	-1.2683
0.323123	-0.840837
0.0800448	-0.797533
-0.140903	-0.814549
-0.163907	-0.818556
0.129866	-0.790998
0.536965	-0.773934
0.954917	-0.79193
1.38518	-1.13408
1.5894	-1.36608
1.86662	-1.81531
1.72912	-1.64776
1.93441	-1.9526
2.43561	-3.05979
2.19853	-2.87695
2.0496	-2.64098
2.28308	-2.93595
2.50281	-3.24674
2.32542	-2.95805
2.51192	-2.96123
2.69165	-2.6808
2.40505	-1.91889
2.39004	-2.053
2.2282	-1.85027
2.39677	-2.07996
2.44271	-2.06018
2.68127	-2.4028
2.96163	-2.99921
2.85003	-3.19653
2.90406	-3.20672
2.70389	-2.7574
2.26293	-1.86907
2.05018	-1.59678
1.70561	-1.44947
1.26135	-1.06139
1.32732	-0.934982
1.12722	-0.657285
0.891548	-0.484813
0.981969	-0.494197
0.904321	-0.654637
1.17933	-0.493202
0.815818	-0.0771944
0.696017	-0.351227
1.17167	-0.544007
0.754048	-0.849837
1.08896	-1.04742
0.537313	-0.401312
0.356154	-0.403738
0.333722	-0.447132
0.374318	-0.389307
0.462302	-0.275863
0.730073	-0.430704
0.558612	-0.42589
0.471308	-0.326463
0.472223	-0.461792
0.596981	-0.245788
0.214897	0.112208
0.399017	0.222352
0.631223	0.200112
0.765417	0.36777
0.827953	0.279674
0.628001	-0.0820018
0.798867	-0.590304
0.905783	-0.349915
1.86878	-0.741745
1.51723	-0.159949
1.75554	-0.477225
1.6953	-0.716526
2.41079	-1.96589
2.29909	-1.86095
2.18447	-1.55077
1.44549	-0.564249
1.32581	-0.679382
1.03233	-0.486632
-0.0545889	0.108818
0.061708	0.191177
0.191563	0.356233
0.561575	0.504893
0.560267	0.675003
0.630737	0.678204
0.845962	0.767414
0.616917	0.348056
0.221662	0.483801
0.30005	0.188905
0.412914	-0.0282487
0.771026	-0.426508
0.765388	-0.486826
1.22898	-0.735523
1.28982	-0.2275
2.39718	-1.73219
2.72169	-2.44956
2.57947	-2.4098
1.54263	-1.00239
0.850167	-0.126081
0.549147	-0.0132256
0.591166	-0.135227
0.488584	-0.0832486
1.36872	-0.98276
1.26297	-0.950552
1.27626	-0.782182
0.932434	-0.691333
1.10152	-0.85334
1.12906	-0.739648
1.06018	-0.719269
1.78946	-1.68248
1.60904	-0.869005
1.86715	-1.38758
2.42738	-2.3667
2.20275	-2.06574
2.41819	-2.59555
2.28414	-2.33957
2.0753	-1.97427
2.07476	-2.06622
2.22718	-2.17443
2.02807	-1.92789
2.07567	-1.95335
1.87858	-1.8753
2.00728	-1.89055
1.15159	-0.549104
0.606876	0.493519
0.460289	0.173648
0.57983	-0.127037
1.14134	-0.876299
0.904702	-0.755431
0.668406	-0.695891
1.16022	-1.16877
1.74326	-1.84061
1.84792	-1.92382
1.67	-1.62209
1.4996	-1.38073
1.46593	-1.33642
1.46391	-1.3313
1.50028	-1.38563
1.395	-1.378
1.46205	-1.54839
1.55471	-1.51522
1.02942	-0.995493
1.15373	-1.01918
1.73502	-1.73611
1.97739	-2.09681
1.74307	-1.64132
1.43697	-1.52707
1.302	-1.318
1.44867	-1.42433
0.686641	-0.604077
0.537874	-0.167047
0.452883	0.104925
0.46685	0.281512
0.431764	0.406761
0.382951	0.527975
0.477428	0.391093
0.143736	0.255297
0.168009	0.250361
0.599022	0.524246
0.431974	0.387109
0.642527	0.676941
1.09712	-0.70579
0.917467	-0.260795
0.980134	-0.374645
0.811344	0.0143366
1.08981	-0.486253
1.02158	-0.439661
0.857843	-0.350792
0.92849	-0.371698
0.915807	-0.369633
1.12952	-0.619857
0.878407	-0.320244
1.28145	-0.613227
1.65329	-0.930723
1.73319	-0.814768
1.6574	-0.500768
1.51745	-0.22995
2.17911	-0.936077
1.70776	-0.925147
1.99873	-2.03352
2.37247	-2.54294
2.25171	-2.25678
2.62105	-2.92619
2.45861	-2.54331
2.78261	-2.573
3.84919	-3.65421
3.99826	-4.13514
2.78271	-2.16434
3.0963	-2.83892
3.82466	-4.10006
3.41384	-3.24703
2.8841	-2.24413
3.14553	-2.43391
3.19061	-2.47965
3.23593	-2.75498
2.54735	-1.74678
2.56121	-1.91152
2.27467	-1.49969
2.26372	-1.69568
1.21233	-0.809755
0.581897	-0.681948
0.543046	-0.34796
0.671529	-0.578207
0.677097	-0.468131
0.353185	-0.359686
0.371896	-0.200181
1.6746	-1.3508
2.25774	-1.91843
2.34967	-2.14078
1.59942	-0.963572
1.18504	-0.420908
1.46394	-0.520511
2.18341	-1.66265
2.29399	-1.90529
2.18777	-1.89788
1.51647	-1.00667
1.31495	-0.830065
0.991785	-0.536837
0.843347	-0.480117
0.82367	-0.713337
0.997996	-1.21411
1.44198	-1.87049
2.21124	-1.91464
2.15228	-2.05769
2.2913	-2.48311
2.23413	-2.33778
1.48645	-1.39873
1.50367	-1.32858
1.30071	-0.913305
1.08536	-1.02781
0.354532	-0.304559
-0.00369885	-0.0950609
0.209851	-0.0258672
0.488306	0.361081
0.833544	0.670803
0.806394	0.619788
0.898596	0.683726
0.650944	0.0759728
0.622702	-0.151201
0.600775	-0.113309
0.662828	0.139039
0.769875	-0.140136
0.727581	-0.0732221
1.0522	-0.196818
0.898816	-0.467481
0.841851	-0.960778
0.405353	-0.566066
0.82762	-1.25803
0.836433	-1.27569
1.32169	-1.72292
1.10107	-1.27145
0.148583	-0.446008
0.80958	-0.691263
1.40885	-1.28974
1.39909	-1.1964
1.49966	-1.16947
1.22156	-0.744248
1.34954	-0.867884
1.47167	-1.02347
1.45829	-1.0491
1.71931	-1.48686
2.42686	-2.40206
2.15899	-1.84236
1.23469	-0.513587
1.06534	-0.595212
1.10329	-0.782053
1.42911	-1.38413
1.28097	-0.889956
1.24337	-1.02762
1.34135	-1.04686
1.24995	-0.922104
1.06431	-0.519261
0.821743	-0.170866
0.412413	0.140938
1.35021	-0.770454
1.87514	-1.33739
1.74034	-1.19264
2.2415	-2.01413
2.71345	-2.62894
2.12549	-1.80089
2.07767	-1.67068
1.87153	-1.32631
1.65294	-1.17165
1.26585	-0.853032
1.37262	-0.933334
1.27245	-0.720852
1.14039	-0.842698
1.08144	-0.728092
1.0162	-0.480337
1.17303	-0.748167
1.34256	-0.983414
3.03447	-3.11936
2.60286	-2.54573
2.20835	-1.97472
2.04612	-1.65329
2.4251	-2.27578
2.90753	-3.61008
2.78607	-3.44796
2.71557	-3.29798
2.85946	-3.46784
2.56158	-2.6535
2.21715	-1.79353
1.63533	-0.874038
1.85026	-1.24595
1.76827	-1.19015
1.83261	-1.36418
1.84359	-1.44873
2.08868	-1.86816
2.56671	-2.65648
2.30807	-2.3223
2.03375	-1.90762
1.75057	-1.21365
1.79851	-1.40124
1.59034	-0.827095
1.51805	-0.88525
1.13544	-0.486245
0.999932	-0.487729
0.60324	-0.626325
0.565435	-0.914695
0.206698	-0.632842
0.215608	-0.872708
0.150376	-0.901531
0.175873	-0.985523
0.390963	-1.04211
0.583621	-0.745205
1.28859	-1.24036
0.993584	-1.02607
1.07867	-0.794004
1.33759	-1.12445
1.03141	-0.994148
1.04601	-0.909753
0.997509	-0.925129
1.12087	-1.03216
1.04025	-1.11024
0.875374	-0.963389
1.03631	-0.737054
1.48296	-1.26669
1.8737	-1.74827
3.07429	-3.43874
2.36124	-2.20304
2.21833	-1.77461
2.18032	-1.55101
2.24426	-1.38519
1.86296	-0.932541
1.88304	-1.32571
1.5862	-1.34229
1.72357	-1.67093
1.4377	-1.1749
1.03984	-0.610484
1.05325	-0.65973
0.569294	-0.155886
0.595145	-0.103334
0.621155	0.00881043
1.30239	-0.686845
1.24014	-0.557695
1.35882	-0.645925
1.24801	-0.632441
2.05792	-1.13988
1.98685	-0.965608
1.33745	-0.753431
2.23725	-2.52548
2.03919	-2.36837
2.3797	-2.84585
2.37989	-2.85151
2.37055	-2.89679
2.01578	-2.29816
2.37472	-2.96834
2.4046	-2.90649
2.39351	-2.88737
2.53895	-3.11483
2.62577	-3.29693
2.57092	-3.20355
1.79009	-1.8431
1.79225	-1.36258
1.46915	-0.901331
1.73337	-1.24338
2.65492	-2.67908
2.95676	-3.07269
2.94279	-3.11515
1.5592	-1.03933
1.68618	-1.39184
1.34225	-1.14669
1.3518	-1.51563
1.52926	-1.7778
1.94444	-2.31878
1.76655	-1.966
1.50627	-1.53847
1.22063	-1.0571
1.30818	-1.09305
1.84859	-1.66866
1.47453	-0.847675
0.880821	-0.0907622
0.894597	-0.421499
-0.189352	0.204806
-0.200894	0.182539
-0.0768671	0.231593
-0.126555	0.264557
0.274845	0.507583
0.399943	0.555274
0.189399	0.716781
0.0353192	0.300448
0.0586129	0.226191
0.616024	-0.172074
1.49588	-0.862458
1.44973	-0.763167
1.44559	-0.744238
1.81555	-1.19114
2.32385	-1.91256
2.05117	-1.35583
2.0377	-1.42309
1.14519	-0.925391
1.08137	-1.21365
0.808952	-0.22322
0.729454	-0.262443
0.471979	-0.216664
0.508089	-0.269357
1.49352	-1.07212
2.32379	-2.01663
2.13771	-1.855
1.96813	-1.5903
1.89495	-1.43955
2.25585	-1.94087
2.93389	-2.9403
2.93072	-2.93282
2.85827	-2.82742
2.83114	-2.80844
2.79587	-2.72333
3.04245	-3.19216
3.00225	-3.21058
2.67863	-2.46042
2.46051	-2.23373
2.12801	-1.84605
2.37668	-2.58288
1.72623	-1.58005
2.20049	-2.48705
2.12876	-2.02218
2.22876	-2.43507
1.6894	-1.60724
1.39074	-1.33657
1.67614	-1.54824
1.40605	-1.23154
1.12104	-0.980848
1.15003	-0.82329
1.0274	-0.634228
0.892378	-0.619415
0.724307	-0.0490947
1.13949	0.429673
1.14734	-0.321268
1.10753	-0.539481
0.929471	-0.269311
0.903036	-0.222159
0.984549	-0.338322
0.945395	-0.235735
0.882035	-0.131347
0.886739	-0.29576
0.921272	-0.119061
0.934827	-0.235077
0.840926	-0.184581
1.06778	-0.189404
0.822346	-0.207779
0.690308	0.0566897
0.734012	-0.112636
0.921279	-0.285076
0.971039	-0.179563
0.831137	0.0726302
0.695549	0.120719
0.847179	-0.529172
1.43576	-0.940806
1.72804	-1.5707
2.08751	-2.29
2.06147	-2.4676
1.78188	-2.14548
1.89699	-2.33849
1.50786	-1.97534
1.65244	-2.11418
1.68149	-2.11595
1.73286	-2.19723
1.68827	-2.13268
1.5906	-1.9973
1.52355	-1.84788
1.60365	-1.97857
1.55871	-1.89656
1.60617	-1.87347
1.70162	-1.56056
2.10795	-1.73801
2.10894	-1.48487
1.49106	-0.464366
1.08742	0.277003
0.152446	0.616187
-0.278754	0.122812
0.0445376	0.104351
0.415235	0.362254
0.44951	0.573236
0.699246	0.742268
0.439689	0.790235
0.562187	0.647931
0.531981	0.442384
0.43674	0.200094
0.696122	-0.328171
1.58547	-1.54617
2.77727	-2.85832
1.94178	-1.39468
2.07843	-1.7773
1.75821	-1.48722
1.21269	-0.854726
0.948368	-0.686575
0.606102	-0.597223
0.358001	-0.6281
0.132124	-0.711448
0.00749738	-0.75938
0.948681	-0.701295
1.26073	-0.909673
0.908052	-0.702659
1.34379	-1.07501
0.95173	-0.827014
0.840505	-0.75013
0.904045	-0.886211
0.71853	-0.848766
1.21406	-1.21959
0.800747	-0.586961
1.22083	-1.09277
1.5864	-1.3324
2.34976	-2.34218
2.69262	-2.68072
2.8239	-2.86552
2.79795	-2.93144
2.33852	-2.31497
1.82575	-1.629
1.46645	-1.13064
1.68319	-1.30393
1.52826	-1.07693
1.84011	-1.49147
2.1567	-2.02969
1.74899	-1.43263
1.43981	-1.0503
2.11653	-1.72561
1.65463	-1.35043
1.38439	-0.926268
1.3878	-0.550562
1.18149	-0.241052
1.15247	-0.471979
1.18173	-0.516181
1.51174	-0.899188
1.30327	-0.85123
1.57992	-1.38064
1.91164	-2.05
2.21676	-1.91021
2.75601	-2.8532
2.562	-2.71844
2.45569	-2.46816
2.34629	-2.51591
1.96381	-1.88185
1.55036	-0.966813
1.37578	-0.651971
1.64486	-0.993544
1.61582	-1.74614
2.10792	-2.76846
1.99729	-2.56603
2.23196	-2.90415
2.37104	-3.08784
2.55086	-3.31462
1.8564	-2.14355
1.29822	-0.963777
2.78229	-2.60397
2.40191	-1.82961
2.56103	-2.07166
2.50367	-2.04462
2.28379	-1.91921
2.54852	-2.00608
1.53514	-1.01264
0.206488	0.0735911
-0.0331498	0.372284
0.0895863	0.488059
0.257694	0.596767
0.672816	0.810411
1.09993	1.07173
1.13735	0.914027
0.832028	0.396035
0.637566	0.0954873
0.457515	0.0509706
0.515499	-0.545235
0.919238	-0.716824
1.13619	-0.696704
1.66163	-1.40151
1.80653	-1.61797
2.31473	-2.29928
1.72669	-1.3388
1.7884	-1.46137
1.68184	-1.34744
1.58246	-1.17153
1.95832	-1.64032
2.39126	-2.29116
2.50037	-2.35704
2.32979	-1.96813
2.10748	-1.50211
1.94966	-1.05284
2.14244	-1.57832
2.36034	-2.19287
1.51143	-1.79148
1.24324	-1.12571
1.76681	-1.92441
2.26953	-2.4515
1.41639	-1.0941
1.79792	-1.59665
2.16398	-1.63253
2.18222	-1.80885
2.81993	-2.926
2.29704	-2.40203
2.01109	-1.99965
1.74328	-1.67002
1.36307	-1.35517
1.01084	-0.987127
0.866272	-0.930435
0.317603	-0.544345
0.140216	-0.71642
0.213008	-0.638563
0.248997	-0.593866
0.255482	-0.769792
0.290456	-0.774907
0.105146	-0.695175
0.178418	-0.902179
0.148239	-0.96395
0.157786	-0.919047
0.191104	-0.86213
0.332011	-0.860796
0.52847	-0.974818
0.576178	-0.867484
0.601974	-0.599
1.13351	-1.00628
1.36393	-1.38545
1.25113	-1.20701
1.13027	-1.04279
1.2401	-1.14958
1.51804	-1.73128
1.11933	-1.03821
1.26099	-1.24786
1.36164	-1.41858
1.37235	-1.28526
1.19599	-0.97262
1.38641	-1.27023
1.03497	-0.622239
0.817171	-0.144694
0.910747	-0.146484
1.10113	-0.506364
0.964918	-0.240492
0.966075	-0.245211
1.05122	-0.472522
0.664216	0.00610965
0.934906	-0.282857
0.955578	-0.348893
0.849784	-0.11401
0.973124	-0.380231
0.76081	0.00462611
1.07628	-0.320585
0.901334	-0.170858
0.959495	-0.195806
0.990923	-0.258844
1.05812	-0.119889
0.890114	-0.0724021
0.900374	-0.103831
1.02856	-0.273934
1.06034	-0.160038
0.888665	-0.254496
1.14759	-1.05172
1.09022	-0.969246
0.773064	-0.695111
0.860444	-0.915877
1.27573	-1.34986
1.15887	-0.956626
0.843314	-0.911675
1.12753	-1.40525
0.861789	-0.956376
-0.00701069	-0.0687309
-0.0426602	-0.157733
0.0489008	0.0521419
0.25997	0.205481
0.177485	0.282736
0.609237	0.369051
0.588079	0.272642
0.51276	0.0694315
0.369063	-0.14306
0.782766	-0.581139
0.956745	-0.932619
1.12964	-0.989397
1.29792	-1.16055
1.27827	-1.13451
1.72331	-1.81046
1.88128	-2.10962
1.88245	-2.20317
1.92176	-2.33813
2.00901	-1.9804
2.12026	-1.99917
2.31346	-2.32558
2.0922	-1.89802
2.22747	-2.0786
1.72934	-1.40259
1.37232	-0.890593
1.82397	-1.63018
1.40757	-1.14363
0.770719	-1.318
0.989953	-1.56048
0.952469	-1.41022
1.25142	-1.61925
1.52899	-1.82789
1.57402	-1.60117
1.48168	-1.23521
1.44942	-1.02942
1.41117	-0.925049
1.31555	-0.782484
1.20167	-0.5433
1.22659	-0.540933
1.11805	-0.370316
1.26578	-0.436507
1.34762	-0.471652
1.5461	-0.801186
1.58958	-1.22586
1.54378	-1.13558
1.16097	-0.590782
0.915034	-0.56766
1.06043	-0.877872
0.949228	-0.174613
0.782584	-0.0819157
0.906566	-0.288923
1.07389	-0.556552
1.24667	-0.784118
1.36361	-0.964164
1.66777	-1.49361
2.28926	-2.59728
2.73191	-3.33574
2.28266	-2.56452
2.2035	-2.49855
1.71081	-1.78586
2.0282	-2.11296
1.86944	-1.9482
1.22576	-1.05319
0.72013	-0.483117
1.07681	-0.981719
0.81967	-0.427269
1.07024	0.0350874
0.79329	-0.0113514
0.433596	-0.303387
1.53651	-1.55494
1.0432	-0.899484
0.95429	-0.743365
1.49685	-1.1472
2.08073	-1.68786
2.23621	-1.97826
2.02368	-2.12969
2.29787	-2.44485
2.69632	-3.03165
2.70717	-3.11551
2.94768	-3.55308
2.79259	-3.31778
2.79675	-3.38833
2.79525	-3.25405
2.37765	-1.9903
2.24677	-1.64486
2.03031	-1.43696
2.12588	-1.83309
1.64523	-1.22124
1.16216	-0.797165
0.751371	-0.559681
0.612173	-0.667948
0.363766	-0.624518
0.245132	-0.774229
0.379923	-1.01522
0.195583	-0.923233
0.146548	-0.925898
0.132587	-0.910087
0.120234	-0.884302
0.128202	-0.87833
0.154188	-0.856137
0.195853	-0.846665
0.260634	-0.827824
0.706116	-1.13582
1.31821	-1.63442
1.43322	-1.59454
1.45139	-1.38487
1.78698	-1.68446
1.98457	-1.77027
2.70215	-2.49547
3.27964	-3.56282
2.67544	-2.8637
2.2142	-2.03243
1.94684	-1.71011
2.13488	-2.11883
1.73718	-1.79322
1.77037	-1.89434
1.25633	-1.19591
1.25643	-1.2614
1.12753	-1.03976
1.07223	-0.866468
1.19926	-1.06808
1.2698	-0.962624
1.03892	-0.511447
0.933045	-0.350515
1.01001	-0.305496
0.927192	-0.579883
0.891139	-0.763973
2.18161	-1.55935
2.05919	-1.43834
2.15555	-1.81835
2.70196	-2.66287
1.9705	-1.61414
2.3152	-2.19922
2.83981	-3.0281
3.05884	-3.20902
1.47414	-0.89742
1.82505	-1.33228
1.41418	-0.696885
1.27906	-0.73297
1.08633	-0.681338
1.00301	-0.544598
0.464957	0.204777
-0.0438334	0.367785
-0.0469233	0.476861
-0.086893	0.337071
0.548132	0.196183
0.617215	-0.203265
0.484327	-0.238437
0.720104	-0.169928
0.605513	-0.142258
0.550224	-0.14571
0.709935	0.00615595
0.962428	-0.0460819
0.648851	0.0206718
0.769092	-0.102041
0.796563	-0.430361
1.02238	-0.779757
0.630859	-0.617706
0.772339	-0.692102
0.616426	-0.671572
0.302328	-0.483967
0.224161	-0.383766
-0.377504	-0.079305
0.00651552	0.0741416
0.260806	0.254732
0.0892038	0.413971
0.52436	0.495866
0.423518	0.333802
0.589965	0.494873
0.507116	0.426456
0.448894	0.234248
0.539234	0.0645826
0.37044	-0.596256
0.513021	-0.775165
0.458665	-0.841748
0.503903	-0.93939
0.446644	-0.915957
0.632078	-1.09572
1.07381	-1.29427
1.47681	-1.8013
1.75305	-1.96978
2.29401	-2.49615
1.41914	-1.04904
1.39605	-1.10206
1.52154	-0.994035
1.2128	-0.644217
1.07523	-0.533546
1.22057	-1.00333
1.13363	-0.820872
1.32963	-1.2764
0.985729	-0.762036
1.39826	-1.25101
2.85257	-3.55907
2.49672	-2.96973
2.51144	-2.90666
2.12693	-2.30739
1.59918	-1.56121
1.47135	-1.35411
1.08562	-1.06812
0.950707	-0.596739
1.72638	-1.18575
1.85879	-1.2466
1.33864	-0.860731
1.49151	-0.828654
1.64755	-0.820692
1.78983	-1.35071
1.61277	-1.0735
1.70642	-1.22384
1.29035	-0.831237
1.26627	-0.820595
1.09445	-0.801424
1.36345	-1.08453
1.08391	-0.927201
0.113186	0.111756
0.278771	0.409944
0.351538	0.457594
0.378206	0.589669
0.724209	0.660787
0.650959	0.586692
0.594256	0.587081
0.395405	0.432209
0.360942	0.345205
0.503852	0.394576
0.323786	0.235503
0.173409	0.438814
-0.100544	0.16204
0.0125378	0.295264
0.0949644	0.446101
-0.093152	0.51174
-0.0249941	0.408779
0.223382	0.446434
0.458926	0.226667
0.609526	0.17256
0.888574	-0.303603
0.785767	-0.206807
0.818643	-0.257531
0.790431	-0.00642819
1.09107	-0.692107
0.824382	-0.321725
1.02155	-0.677826
0.861877	-0.169778
0.842924	-0.217908
0.914456	-0.248304
0.878795	-0.0515528
1.18194	-0.260222
1.02252	0.0395515
0.994636	0.0744106
0.945339	-0.0581364
1.25534	-0.364522
1.10194	-0.375005
1.15504	-0.145205
1.2323	-0.198351
1.05804	-0.305889
1.13803	-0.151951
1.0596	-0.147009
0.954725	-0.0955826
1.1518	-0.327462
1.02234	-0.584629
1.2942	-0.409076
1.15925	-0.406544
0.863609	-0.414996
0.849628	-0.459995
0.187159	-0.337228
0.355614	-0.614099
0.723464	-0.670735
0.823079	-0.541924
0.740009	-0.322432
-0.528337	-0.872414
-0.465805	-0.967389
-0.386258	-0.930537
-0.491898	-1.00403
-0.271641	-0.876438
-0.373681	-0.893068
-0.393197	-0.923869
-0.37726	-0.780449
-0.290686	-0.769462
-0.444686	-0.748566
0.489983	-0.769495
0.532094	-0.448397
1.00539	-0.649203
1.00319	-0.75022
0.717745	-0.338486
0.678039	-0.340629
0.856358	0.074289
0.528372	-0.0447379
-0.21785	-0.656131
0.287616	-1.0027
0.450322	-0.939122
0.597292	-0.843565
0.919097	-1.12624
1.0983	-1.1715
1.45098	-1.65751
1.56545	-1.84535
1.63576	-2.05571
1.28577	-1.73498
0.977239	-1.49869
0.611275	-1.27509
0.239723	-1.01998
0.156494	-0.726555
1.14449	-1.39106
1.99685	-2.10969
1.94384	-2.11166
1.59064	-1.75918
1.77794	-1.97959
1.06928	-1.28218
0.304327	-0.899384
0.18939	-0.872988
0.500917	-0.833833
0.844689	-0.90716
1.31147	-1.32075
1.02365	-0.761548
1.3496	-1.20908
1.15081	-0.832166
1.14798	-0.738168
1.22554	-0.747843
1.04743	-0.573916
1.40035	-1.2384
2.10854	-2.3643
1.49497	-1.4903
0.466938	-0.362847
0.459331	-0.305285
0.44114	0.035787
0.454734	0.114917
0.558942	0.22536
0.640206	0.190161
0.569213	-0.20982
0.783667	-0.415104
1.1928	-0.856435
2.82022	-2.9018
2.44448	-2.24674
2.39165	-2.12705
2.45917	-2.17868
2.82311	-2.87364
3.10678	-3.34833
2.62946	-2.59499
2.29972	-1.95609
1.62144	-1.49382
2.27596	-2.59313
1.98154	-2.22455
2.01348	-2.28322
2.59064	-3.17929
2.92459	-3.66813
2.70438	-3.28882
2.59041	-3.23236
3.05977	-3.92785
2.97414	-3.78322
2.87567	-3.60085
1.71995	-1.66089
1.46567	-1.2431
1.43232	-1.5074
1.31986	-1.608
1.21524	-1.65005
1.36746	-1.8327
1.97449	-2.34031
2.2983	-2.55937
2.51331	-2.74753
1.93297	-1.70389
1.76759	-1.29759
1.46895	-1.00544
0.368614	-0.159025
-0.259282	-0.17359
-0.424557	-0.249816
-0.168112	-0.0477224
0.0665458	0.199426
0.182433	0.424217
0.17009	0.286754
0.169688	0.0406288
0.58433	-0.371971
1.42715	-0.771127
1.26165	-0.507804
1.39699	-0.592073
1.92629	-1.40958
2.14407	-1.95751
2.04107	-2.13654
1.66668	-1.83777
1.592	-1.80571
1.67871	-1.88462
2.03622	-2.26055
2.11725	-2.32018
2.20242	-2.41386
2.35467	-2.54488
2.73196	-3.00958
3.45027	-4.04594
3.39732	-3.92059
1.6772	-1.3274
0.573997	-0.331467
-0.131562	-0.2179
0.109434	0.069157
-0.0344745	0.274727
0.184902	0.431042
0.143709	0.363539
0.491621	0.788647
0.643897	0.893802
0.766866	0.591145
0.595044	0.299458
0.402271	0.387793
1.25236	-0.593953
1.45078	-0.830869
1.68371	-0.687328
2.78653	-2.028
2.74798	-2.37579
2.86431	-2.83716
2.91431	-3.47192
3.17154	-3.90317
3.15446	-3.90694
3.0599	-3.62842
3.01801	-3.54158
2.45723	-2.65422
1.92329	-1.69722
1.67968	-1.34403
1.51204	-1.1816
1.48834	-1.38252
1.0018	-0.567744
1.05548	-0.693342
0.756909	-0.0375227
0.849601	0.0737287
0.61783	-0.182875
0.4516	-0.0776931
1.30109	-1.29072
1.20739	-1.08046
0.699464	-0.942968
1.22231	-1.15822
1.05556	-0.953348
1.20057	-1.06131
1.56154	-1.50958
1.69702	-1.71815
1.81803	-1.91745
1.67876	-1.82984
1.5138	-1.64093
1.65265	-1.74468
1.87491	-2.06533
1.86407	-2.01841
1.97615	-2.01797
2.5264	-2.51617
1.99736	-1.75502
1.69145	-1.45786
2.20628	-2.01728
1.80169	-1.60046
2.11928	-1.88723
2.24777	-2.22647
1.44867	-1.50026
0.669507	-1.1756
-0.104662	-0.645533
-0.241246	-0.648957
-0.0166948	-0.668692
-0.0777913	-0.451869
-0.11442	-0.655167
-0.0739387	-0.676232
0.168707	-0.347193
0.342607	-0.559802
-0.120246	0.0300813
-0.137598	-0.0282846
0.0523944	-0.117433
-0.134766	-0.0497361
-0.252176	0.0695545
-0.219575	0.0403678
-0.106141	0.0340933
0.0875892	0.0622851
0.346036	0.136262
0.220071	0.324382
0.120892	0.0768409
0.103727	0.162349
-0.101464	0.207505
-0.158876	0.208191
-0.061697	0.283668
0.0981759	0.00881238
0.326025	-0.0266186
0.43043	-0.0124827
0.831634	-0.334189
0.588692	-0.172725
0.86337	-0.40397
0.789693	-0.294313
1.03331	-0.426824
0.939864	-0.281757
1.10928	-0.567976
0.820634	-0.436064
0.787538	-0.516234
0.956721	-0.321642
1.0947	-0.411446
0.878566	-0.392644
0.93981	-0.346398
0.71003	-0.0520935
1.0515	-0.370507
0.950393	-0.219783
0.85072	0.0245398
1.12069	-0.167556
1.02536	-0.0490485
1.01287	-0.323461
0.50655	0.181325
0.344543	0.470945
0.34158	0.454331
0.293301	0.295746
0.517857	0.621672
0.692024	0.485241
0.657283	0.423611
0.50757	0.24075
0.403105	-0.0595128
0.311124	-0.808869
0.459624	-0.936025
0.765544	-1.29448
0.560054	-1.10899
0.441293	-1.0423
0.608142	-1.26457
0.202417	-0.875202
-0.0449979	-0.539815
0.0150301	-0.629797
0.18071	-0.0798882
0.407754	0.120619
0.473266	0.300186
0.531882	0.47876
0.672467	0.430385
0.338053	0.208307
0.53671	0.432804
0.812086	0.225598
0.480667	-0.0720213
0.974064	-0.818389
1.37985	-1.14812
2.24235	-2.12298
2.3947	-2.27131
2.25343	-2.07351
1.66299	-1.1273
1.75598	-1.25053
1.62005	-1.06406
1.61167	-1.03339
1.86906	-1.42241
1.99521	-1.62712
2.0537	-1.74764
1.97057	-1.65046
1.86059	-1.54476
1.72481	-1.41934
1.51537	-1.22503
1.35459	-1.09967
1.25228	-1.03099
1.73314	-1.63036
1.86117	-2.03472
1.69816	-1.75699
1.70261	-1.55686
1.83673	-1.56995
2.18053	-2.04719
2.10439	-1.86196
1.44651	-0.812123
1.30342	-0.882877
1.79742	-1.54857
1.33439	-1.24942
0.117344	0.147966
-0.0559558	0.321613
0.283869	0.156218
0.420813	0.394319
0.349242	0.281596
0.487524	0.31865
0.683567	0.311767
0.581767	0.167236
0.71912	0.386338
0.602086	-0.326212
1.59976	-1.50091
0.860334	-0.613029
0.846913	-0.16776
0.7066	-0.0291372
0.801941	-0.087093
0.750827	-0.071807
1.25679	-0.643627
0.925484	-0.0459876
0.816991	-0.020498
1.01655	-0.339195
1.38163	-1.05876
1.24866	-1.00211
1.54794	-0.93856
2.08375	-1.82935
2.32598	-2.37987
2.02778	-1.80408
2.09247	-1.89288
2.54971	-2.97559
2.51753	-3.16379
2.31139	-2.86399
2.35918	-2.88953
2.42287	-2.90672
2.52575	-3.06129
2.25425	-2.55003
2.18206	-2.38245
2.52369	-2.86809
2.64343	-2.93545
2.98963	-3.67264
2.59278	-3.0436
2.85636	-3.48609
3.05073	-3.85512
2.53819	-3.05274
1.71155	-1.55082
1.26656	-0.962769
1.17138	-0.995435
1.11129	-0.994959
1.04096	-0.966636
1.04334	-1.01176
1.02933	-1.05725
0.98572	-1.01969
1.06691	-1.12853
1.1535	-1.23324
1.24026	-1.33971
1.63962	-1.82499
1.92448	-2.16677
2.43524	-2.71456
1.76728	-1.55955
1.37428	-1.04565
1.69434	-1.78063
0.833136	-0.605219
0.149917	0.0174279
0.190377	0.0372005
0.259067	0.136725
0.384299	0.23364
0.241367	0.335495
0.33344	0.415602
0.272723	0.26265
0.274692	0.334413
0.392327	0.544972
0.590368	0.383673
0.302932	0.128049
0.175061	-0.0356888
1.06942	-0.569348
1.21044	-0.612825
0.910259	-0.351992
0.978521	-0.349714
0.760678	-0.0175363
0.803897	-0.139771
0.778024	-0.0521527
1.04037	-0.324661
0.938911	-0.088407
1.04006	-1.06947
1.193	-1.7333
0.874011	-0.534128
0.649876	-0.716744
0.428451	-0.602441
1.23896	-1.23508
1.71573	-1.43155
1.5339	-0.982945
1.13927	-0.410316
2.31817	-1.6472
2.6904	-2.14035
2.10321	-1.61732
1.53617	-0.758498
1.36588	-0.549989
0.652336	-0.0424716
0.621969	-0.173667
0.442614	-0.20833
0.587578	-0.462535
0.502959	-0.645881
0.517842	-0.814263
0.397825	-0.831856
0.31292	-0.825096
0.319463	-0.739836
0.285622	-0.55005
0.919621	-0.973511
1.24353	-1.00626
1.14212	-0.737855
1.02368	-0.953957
0.985086	-0.725558
1.37834	-1.23958
1.24336	-0.918636
1.06948	-0.924958
0.961604	-0.909544
0.826283	-0.808959
0.786438	-0.573973
0.635994	-0.583103
0.362163	-0.833157
0.204974	-0.838184
0.22659	-0.946543
0.172867	-0.95331
0.0528666	-0.954474
0.0431641	-0.991735
0.0977058	-1.00773
0.0687856	-1.00578
0.00107318	-1.0003
0.00318131	-1.0278
0.0116749	-1.00531
0.0846746	-0.98363
0.170338	-0.959276
0.302813	-0.942148
0.49625	-0.988879
0.697497	-1.05887
0.929292	-1.16571
1.01002	-1.10876
1.321	-1.27866
1.53444	-1.45897
2.33888	-2.36621
1.52985	-1.30568
1.5648	-1.32094
1.92677	-1.70809
2.33444	-2.10596
1.85666	-1.61976
1.49067	-1.2419
1.39115	-1.09985
0.482981	-0.346173
0.39688	0.0944665
0.578094	-0.0418423
0.705106	0.279627
0.59901	0.504691
0.592291	0.458103
0.434929	0.465884
0.449396	0.438773
0.494487	0.438648
0.434737	0.493954
0.320607	0.119737
0.10471	-0.0158091
0.179182	0.410967
0.125463	0.498241
0.177687	0.778347
0.410368	0.775265
0.501835	0.545066
0.655907	0.150047
0.609255	0.0145029
0.740759	-0.0359516
0.928425	-0.158294
0.763289	-0.033131
0.801672	-0.111982
0.781079	-0.151482
0.950522	-0.267861
0.939966	-0.29088
1.12369	-0.182064
1.13178	-0.390402
0.734894	0.174471
0.891286	0.115295
0.875923	0.258457
0.82246	0.233026
0.917599	0.170258
0.936301	0.169395
0.559276	-0.517457
0.652788	-0.596028
0.785334	-0.739336
0.647729	-0.651362
0.699412	-0.830297
0.642462	-0.891359
0.614709	-0.938995
0.677311	-1.09029
0.575796	-1.00643
0.537369	-0.948679
0.693776	-1.07046
0.823566	-1.1066
0.889018	-1.08929
1.07355	-1.18409
1.26279	-1.33374
1.66343	-1.71257
1.98801	-1.91439
2.39006	-2.45645
3.28177	-4.09449
2.77752	-3.24436
2.93657	-3.51572
2.83391	-3.37659
2.58034	-2.79977
2.6743	-3.02392
1.54765	-1.17108
1.3049	-0.890936
1.72109	-1.3589
2.08698	-1.87034
2.39056	-2.19759
2.28464	-2.07042
2.34671	-2.18633
2.42861	-2.36766
2.05215	-1.80517
1.98742	-1.67529
1.96826	-1.61236
2.10165	-1.7527
2.5648	-2.36603
3.13329	-3.1793
2.67589	-3.05094
2.48665	-2.86694
2.28418	-2.30326
2.40288	-2.44486
2.09259	-1.95005
1.88477	-1.7211
2.08466	-2.15826
0.394286	-0.295428
0.309351	-0.0579776
0.0119269	0.222952
0.382832	0.0931408
0.61328	0.174313
0.295196	0.229012
0.379845	0.174658
0.314515	0.051045
0.944639	-0.539148
1.17582	-0.945892
1.4517	-1.19609
2.19288	-1.97587
2.19147	-1.74451
1.80383	-1.45213
1.91552	-1.57266
1.71094	-1.26819
1.52462	-1.00201
1.56139	-1.05137
1.51306	-0.983047
1.46469	-0.861282
1.77885	-1.22221
1.80073	-1.09935
1.56015	-0.98344
1.51872	-1.09681
1.17203	-0.418242
1.17986	-0.579717
0.624408	0.079723
0.574796	-0.282674
1.31288	-0.747196
1.41211	-0.651555
1.52095	-0.964971
1.93583	-1.3869
1.57709	-1.0694
2.02774	-1.71701
2.42053	-2.22657
2.2625	-2.179
2.10839	-1.78839
1.48929	-0.800487
1.51972	-0.921279
1.64703	-1.33946
-0.0330053	0.0510154
-0.0352147	0.114714
-0.393303	0.0911019
-0.195045	-0.392387
-0.362352	-0.27378
-0.317368	-0.101236
0.292719	-0.0899897
1.24127	-1.03605
1.4922	-1.22992
1.24131	-0.866642
1.21389	-0.883502
1.81768	-1.78378
2.43882	-2.78235
2.03269	-2.25894
2.09529	-2.53778
2.04735	-2.41569
1.858	-1.92193
1.84535	-1.57624
1.67513	-1.07075
2.46631	-2.07902
2.33481	-1.93763
2.51711	-2.28761
2.30312	-2.05033
1.99336	-2.54345
2.03387	-2.57123
2.10155	-2.67253
1.97864	-2.45257
1.60381	-1.93529
1.38008	-1.22628
1.39202	-0.974832
1.30462	-1.04709
0.360247	0.100268
0.591119	-0.109197
0.823475	-0.45355
0.807528	-0.292761
1.25801	-0.54629
1.27492	-0.768031
1.24725	-0.520924
1.39607	-0.848712
1.37073	-0.701405
1.23865	-0.539237
0.964846	-0.159354
0.955088	-0.740665
1.46513	-1.31208
1.2846	-0.933622
1.10704	-0.833394
0.650971	-0.0996339
0.953332	-0.282128
1.05852	-0.619399
0.660616	-0.187219
1.30923	-0.91572
1.94552	-1.38246
2.34527	-1.77813
2.0971	-1.27367
2.11436	-1.5781
2.78435	-2.83071
2.6395	-2.70523
2.50434	-2.5268
2.47285	-2.47883
2.6144	-2.70166
2.03964	-2.03013
1.99854	-2.05831
1.81282	-1.75279
1.52341	-1.33733
1.63989	-1.38018
0.738836	-0.579194
0.624233	-0.305698
0.349298	-0.551408
0.320929	-0.673664
0.359435	-0.912001
0.580211	-1.21668
0.672422	-1.15303
0.0954016	-1.05001
0.111366	-1.13079
0.127862	-1.13276
0.29395	-1.25908
-0.0388896	-1.01226
0.0560568	-0.978015
0.0979624	-1.08483
0.300323	-1.19751
0.446075	-1.31233
0.368991	-1.13166
0.385727	-1.02461
0.698158	-1.02561
0.750542	-1.15859
1.00448	-1.05194
1.34935	-1.00583
1.66652	-1.24762
1.56728	-1.11306
1.74803	-1.24686
1.85627	-1.20883
2.29317	-1.63037
2.03648	-1.36394
1.98705	-1.43952
1.61491	-0.934672
1.88715	-1.40953
1.40646	-0.871804
1.44506	-0.674887
1.23995	-0.439991
1.04923	-0.276828
1.20178	-0.435111
1.24272	-0.745946
0.984917	-0.157811
1.07275	-0.271658
1.05593	-0.244252
0.95153	-0.17692
0.993589	-0.352694
1.05094	-0.0634314
0.933348	-0.0510299
0.982022	-0.259253
0.913179	-0.282781
1.11935	0.0138979
0.989971	-0.144783
0.890246	-0.075704
0.983825	-0.164133
0.792439	0.0206561
0.613967	0.213581
0.711294	0.070704
0.840415	-0.128642
0.964539	-0.245723
0.817594	-0.267671
1.1357	-0.579897
0.934518	-0.496168
0.516958	-0.333686
0.696549	-0.453675
1.75922	-1.5035
1.76454	-1.79187
2.12147	-2.24111
0.858854	-0.841765
1.54748	-1.2713
2.72609	-2.82463
2.24587	-2.07118
1.95098	-1.58226
2.15858	-1.67377
2.2436	-1.86192
1.8855	-1.30401
1.55047	-1.23371
0.0205186	-0.183761
-0.0338243	0.0943198
-0.221288	0.300827
0.0661535	0.575673
0.353839	0.614887
0.247387	0.587674
0.419125	0.434968
0.259024	0.352515
0.766863	-0.303086
1.65012	-1.12692
1.92906	-1.2875
1.85893	-1.28229
2.61745	-2.42841
3.57842	-3.86841
3.65113	-3.97648
2.26764	-1.78457
1.74054	-1.39505
1.64509	-1.30208
1.77735	-1.3606
1.63276	-0.910017
1.38102	-0.563685
1.47044	-0.947315
1.17866	-0.694503
1.16549	-0.806698
1.11818	-0.940414
0.674077	-0.285647
0.730444	-0.676157
1.74078	-1.4008
1.72931	-0.892043
2.11819	-1.37463
2.36203	-1.64584
2.11435	-1.35998
2.30759	-1.7436
2.10576	-1.50185
2.72784	-2.4031
2.71069	-2.20521
2.63009	-1.97938
1.61399	-0.774763
2.27413	-1.56291
2.4951	-1.69951
2.6016	-2.04732
2.64892	-2.18302
3.48255	-3.8452
2.73376	-2.81322
2.54459	-2.58303
2.3733	-2.36301
2.18672	-2.11892
0.47113	-0.134547
-0.167366	0.0887484
0.0366278	-0.0176333
0.0097531	0.142757
0.221282	0.397883
0.488555	0.634489
0.513209	0.435225
0.432303	0.143903
0.398746	0.0540782
1.04017	-0.701327
1.64336	-0.844476
1.38797	-0.851586
1.58305	-1.06698
2.36544	-2.04997
2.35987	-1.93805
0.814036	-0.304907
0.336226	-0.219453
0.377463	-0.121635
0.126772	0.29575
0.616571	-0.181877
1.15051	-0.863424
1.01263	-0.82816
0.627802	-0.359745
0.656621	-0.00269057
1.15537	-0.665724
0.871967	-0.307266
0.728899	-0.157913
1.06384	-0.632485
1.09488	-0.96277
1.77874	-1.68065
1.53171	-1.33911
1.68066	-1.59506
1.58925	-1.54466
1.60417	-1.65205
1.53697	-1.75823
1.12428	-1.29003
0.941877	-1.19343
0.659606	-0.886873
0.493407	-0.530585
0.475919	-0.641054
0.913757	-0.864475
0.61114	-0.386874
0.616316	-0.0280275
0.260118	0.246263
0.342523	0.309281
0.402877	0.276251
0.0247093	0.0297085
1.34565	-1.24598
1.20084	-0.798979
1.3127	-0.989691
1.29412	-0.885444
1.76155	-1.38852
1.95422	-1.6311
1.80621	-1.3062
1.83812	-1.23055
1.59798	-0.905105
1.40478	-0.700186
1.43882	-0.927917
1.19	-0.727103
1.03602	-0.721893
1.10978	-0.525259
0.892758	-0.373048
0.711097	-0.309668
1.22303	-0.784212
1.37322	-1.04041
0.841157	-0.829474
0.87029	-0.452119
2.55372	-2.81973
2.7922	-3.33314
1.8245	-1.96495
2.57504	-3.09119
2.25203	-2.44332
2.04717	-2.17078
1.6203	-1.60692
1.97474	-2.14641
1.98954	-2.19179
1.94726	-2.13791
2.2311	-2.46184
2.01395	-2.15353
2.08559	-2.25772
2.16378	-2.32367
2.52842	-2.75007
2.43413	-2.69032
2.45446	-2.82266
2.18952	-2.44718
2.05937	-2.23614
2.22007	-2.33203
2.33906	-2.37799
1.7842	-1.88492
0.999655	-1.34104
0.531075	-1.25279
0.327264	-1.25724
0.31716	-1.15542
0.372186	-1.07083
0.37521	-1.03625
0.240857	-1.04158
0.245119	-1.07398
0.276896	-0.906601
0.585434	-0.735672
0.412304	-0.541012
-0.0534054	-0.0367366
0.104357	0.152874
0.319705	0.326842
0.300431	0.377872
0.429818	0.686655
0.32368	0.46966
0.179306	0.114708
0.539893	0.481695
0.42191	0.542189
0.47525	0.523014
0.297036	0.36071
0.285562	0.368089
0.469874	0.187167
0.2622	0.000339633
0.401836	0.40184
0.148917	0.547503
0.221218	0.285226
0.384835	0.561772
0.320799	0.291672
0.359447	0.540943
0.645771	0.392383
0.534682	0.176748
0.881479	-0.00197347
0.795805	-0.0348069
0.850263	-0.0773363
1.00525	-0.300108
1.16583	-0.346316
1.45192	-1.0387
2.9373	-3.12038
3.31794	-3.70766
3.40949	-3.95074
2.84235	-3.22046
3.0356	-3.54057
2.67513	-3.01936
2.59288	-2.79811
2.17789	-2.10867
1.6911	-1.1371
1.19631	-1.05009
1.10386	-0.236223
0.941162	-0.66722
3.03447	-2.87565
1.64202	-0.947054
1.06211	-0.223305
2.44458	-1.74354
3.03071	-2.79586
3.30488	-3.35231
2.51955	-2.06466
3.35052	-3.48394
3.18305	-3.34454
2.83212	-2.68277
3.22123	-3.20679
2.84227	-3.09968
2.68125	-3.37715
2.47285	-3.05803
2.24214	-2.75478
2.29905	-2.84255
2.39352	-2.75147
2.70837	-2.79722
1.98329	-1.20567
2.18878	-1.40458
1.7579	-0.901044
1.63671	-0.783146
1.37291	-0.513834
1.26145	-0.426791
1.07034	-0.150611
0.879075	0.0585807
0.861547	-0.0682595
0.917128	-0.171307
0.848528	-0.212106
0.734958	-0.087151
0.758015	-0.0644619
0.796338	-0.0956635
0.753278	-0.0428181
0.955654	-0.29689
0.897263	-0.238669
1.16989	-0.570137
1.42647	-0.7567
1.37107	-0.53811
1.76222	-0.800891
1.92379	-0.968891
2.15894	-1.34639
2.24906	-1.47162
2.37139	-1.66437
2.15826	-1.3363
3.3715	-3.29912
2.23925	-2.47982
2.37742	-2.81721
2.1262	-2.50511
2.26683	-2.72671
2.12766	-2.57199
2.2354	-2.66996
2.11905	-2.40033
2.00669	-2.26047
1.92031	-1.98685
1.56716	-1.29126
0.898672	-0.879181
0.928785	-0.584147
0.86438	-0.484486
2.37486	-2.3476
1.68322	-1.22628
0.244125	-0.317122
0.166949	-0.61084
-0.193427	-0.807096
0.904356	-0.655603
2.28734	-2.21566
2.71506	-2.7769
2.43229	-2.26171
3.0066	-3.04453
3.29624	-3.45204
3.28885	-3.32059
3.22271	-3.11219
2.95067	-3.66392
2.5276	-2.94083
2.90633	-3.56327
2.82688	-3.46888
3.18017	-3.86535
2.60746	-2.06009
3.40362	-3.31272
3.26863	-3.33007
2.6225	-2.45157
2.16185	-1.71424
2.11738	-1.68671
2.04572	-1.72896
2.05891	-1.76844
1.33028	-1.06016
0.973065	-0.629255
0.961978	-0.666564
1.11598	-0.452781
1.14671	-0.583366
0.627843	-0.407008
1.22533	-1.3459
1.17742	-1.15461
1.425	-1.05882
2.22234	-2.47371
2.64852	-3.04615
1.34763	-1.05343
1.4793	-1.25742
1.45843	-1.1261
1.50714	-1.31296
1.11161	-0.7682
1.00433	-0.497757
1.19733	-0.875473
0.853498	-0.626643
1.01286	-0.789803
0.035151	-0.153257
0.138104	-0.112934
0.0428884	-0.14122
-0.0081521	-0.0308382
-0.101847	-0.746168
-0.0693207	-0.855972
0.278869	-0.86563
1.42749	-1.60327
1.63846	-1.70566
1.87946	-1.83511
1.98416	-1.85684
1.98592	-1.59278
2.22906	-1.85228
1.80839	-1.41149
1.57378	-0.900224
2.18273	-1.57
2.36637	-1.54262
1.79386	-1.08343
2.40981	-1.29408
1.87061	-1.16124
1.63536	-1.06076
1.42089	-0.648453
1.02753	-0.530888
0.725847	-0.379005
0.649368	-0.221876
0.966831	-0.368668
0.941812	-0.445959
0.825642	-0.202147
0.925511	-0.260019
1.04781	-0.37174
0.806127	-0.0988294
0.847446	-0.0375429
0.954846	-0.0906009
0.982753	-0.199597
0.662714	0.0585633
0.699311	-0.0592975
0.671834	-0.10761
1.00315	-0.466247
1.24986	-0.770847
0.983082	-0.285283
1.03819	-0.329684
1.00555	-0.301156
1.02764	-0.322655
0.738464	-0.10329
0.941151	-0.197536
0.831079	-0.147944
1.02497	-0.293375
0.986496	-0.35066
0.998993	-0.00864641
0.972525	-0.16235
0.763035	0.104353
0.924788	-0.161022
1.02224	-0.196656
0.774194	-0.0142408
0.851814	-0.17879
0.794504	-0.362964
0.854973	-0.571428
1.42195	-1.0459
1.26047	-0.772461
2.57159	-2.5016
2.90822	-2.92655
2.72029	-2.52627
2.55417	-2.28438
1.89327	-1.29307
1.72373	-1.07183
1.59303	-0.932245
1.30868	-0.625119
1.27703	-0.565934
1.10869	-0.427014
1.03376	-0.425388
0.626876	-0.0533792
0.629655	-0.0529107
0.47797	0.0784942
0.539067	-0.0384662
0.35753	0.0276547
0.128146	0.177141
0.105196	0.146867
0.174341	0.0485693
0.296578	-0.109981
0.463503	-0.300036
0.595107	-0.546597
0.511692	-0.642428
0.431214	-0.716881
0.368149	-0.740022
0.332888	-0.756194
0.350141	-0.797984
0.372612	-0.766466
0.49694	-0.750753
0.711805	-0.835926
1.10667	-1.15164
1.7304	-1.87854
2.34346	-2.67194
1.96446	-2.16507
1.95197	-2.0487
1.48548	-1.22252
2.34498	-2.31555
2.22823	-2.34645
1.99119	-2.39624
1.71022	-2.16574
1.90806	-2.35089
2.55933	-3.19244
2.56748	-3.12734
1.8557	-1.46699
2.57769	-2.16621
2.2632	-1.76304
2.22983	-1.70509
2.21391	-1.63896
1.81706	-1.05573
1.78447	-1.07135
1.55924	-0.843026
1.5042	-0.924587
1.48176	-0.939598
1.42131	-0.748015
1.27574	-0.507723
0.885292	-0.244622
0.559068	-0.37093
0.451191	-0.387942
-0.352547	-0.0305646
-0.180463	0.112844
-0.0700054	0.0630011
0.34517	0.133149
0.544474	0.306246
0.495247	0.188514
0.679045	0.439894
0.455615	-0.153063
0.574033	-0.167031
0.815794	-0.462044
1.43528	-1.18457
1.97794	-1.85299
2.26159	-2.46401
2.62956	-3.26537
2.6007	-3.27931
2.37912	-2.97406
2.52675	-3.18356
2.4814	-2.97903
2.08946	-2.24606
1.63387	-1.52832
0.790405	-0.471624
0.755047	-0.577258
0.76621	-0.497747
0.553447	-0.0705748
0.306992	-0.156607
2.52464	-2.07552
1.23087	-0.222348
1.36754	-0.428419
1.4003	-0.568724
1.57755	-0.88428
1.32363	-0.768473
-0.105671	0.515859
-0.226185	0.197662
-0.0772152	0.212331
0.17124	0.350855
0.261973	0.308198
0.434089	0.227861
0.733418	-0.0407799
0.949002	-0.340408
1.22571	-1.03683
2.10052	-2.03169
3.21686	-3.50133
2.52749	-2.2542
2.90859	-3.03468
2.23608	-2.132
2.07852	-2.05452
1.41876	-1.19587
1.23049	-0.837742
0.901206	-0.48079
0.659293	-0.237378
1.1516	-0.637356
1.12525	-0.553926
0.849086	-0.3945
1.37566	-1.26515
1.38389	-1.11684
1.2021	-1.21341
1.36506	-1.50688
2.08906	-2.41751
1.64733	-1.66837
1.84268	-1.79024
2.50325	-2.69116
2.94178	-3.44776
2.44023	-2.64011
2.68074	-3.12109
2.53035	-3.1566
2.49073	-2.8826
2.41479	-2.65806
2.25817	-2.24361
1.18089	-1.02394
0.411337	-0.313317
-0.233278	0.243088
-0.12034	-0.0602032
-0.255121	0.260293
0.150791	-0.0326617
0.107287	0.362099
0.498097	0.416408
0.525407	0.070099
0.571049	-0.2147
0.391394	-0.449133
2.0096	-1.63362
2.44116	-2.0288
2.84228	-2.413
2.67426	-1.90975
2.63052	-1.81827
2.38102	-1.65826
2.27369	-1.50957
2.12839	-1.25537
2.34899	-1.86153
1.16148	-0.579096
0.109093	0.0562424
-0.0538284	0.35084
0.378982	0.58168
0.578467	0.782318
0.604966	0.796415
1.09478	1.08752
0.892523	0.622813
1.15445	0.801023
1.3217	0.855202
0.920554	0.311204
1.1487	0.429112
0.939888	-0.291965
1.20417	-0.666244
1.32615	-0.969304
1.04574	-0.841405
0.987046	-0.584213
0.797611	-0.190618
1.08836	-0.297582
1.69669	-1.0701
2.07738	-1.60578
2.04585	-1.5739
2.46587	-1.96434
2.96144	-2.82931
2.80731	-2.62436
2.23731	-1.85504
2.06667	-1.65494
1.9954	-1.40937
1.90185	-1.18255
2.25623	-1.75374
2.35029	-1.67628
2.14134	-1.2695
1.92807	-1.01548
2.46462	-1.8915
1.98999	-1.4191
2.02839	-1.69495
2.04049	-1.67162
1.53745	-1.57298
1.68007	-1.73426
1.51438	-1.7389
1.7648	-1.57621
1.6479	-1.24278
1.76202	-1.5402
1.48747	-1.39461
1.33539	-1.49161
1.2755	-1.25342
1.46441	-1.44559
1.3722	-1.26795
0.957365	0.278514
0.835858	0.0734226
1.15649	-0.15387
1.1554	-0.092968
1.23868	-1.08751
1.83422	-1.61403
2.44038	-2.69467
2.07531	-2.03658
2.23388	-2.1562
2.10046	-1.77072
1.4851	-1.22851
2.20416	-2.64648
2.29103	-2.75962
2.06081	-2.36306
0.901943	-0.759165
1.41402	-1.29671
2.18423	-1.83556
2.4155	-1.85752
2.64796	-2.42597
2.85753	-2.702
2.08913	-1.55939
1.32211	-0.976271
2.5465	-2.70472
2.92055	-3.17356
2.07243	-1.88727
1.37778	-0.972982
1.22506	-0.753583
0.92767	-0.516479
0.784234	-0.294665
0.634979	0.00657117
0.816211	-0.227108
0.828703	-0.307514
0.517588	-0.201227
0.359821	0.0759553
0.919996	-0.345055
1.41666	-0.764231
1.34325	-0.711267
1.31506	-0.785073
1.36631	-0.912315
1.37721	-1.01004
-0.413376	0.241309
-0.450582	0.133763
-0.274505	0.202195
-0.114541	0.483511
0.0346932	0.390978
-0.135396	0.31534
0.629101	-0.339254
1.03197	-0.544433
1.44095	-0.728017
1.32236	-0.727649
1.18746	-0.373319
1.12536	-0.490406
1.17063	-0.758726
0.998351	-0.538169
1.03406	-0.600008
1.34397	-0.750017
1.8465	-1.21682
1.87879	-1.14083
2.03544	-1.50566
1.99871	-1.64756
2.52842	-2.55608
2.00952	-1.75874
2.01061	-1.89729
3.08779	-3.44068
3.15898	-3.40578
2.37114	-1.95068
1.66009	-1.19113
1.34506	-1.04556
1.3724	-1.12005
0.997223	-0.709573
0.904569	-0.419128
0.856657	-0.479803
1.06249	-0.812232
0.974078	-0.579058
1.32015	-0.729119
1.63697	-0.8707
1.31768	-0.645039
1.97802	-1.5962
1.71	-1.33248
0.861696	-0.385708
0.961998	-0.468266
1.4384	-1.28328
0.900656	-0.68856
0.814591	-0.329182
0.794966	-0.108845
0.726075	-0.147741
0.694448	-0.317756
1.00713	-0.744265
2.35068	-2.5789
2.78804	-3.33405
2.20163	-2.51799
2.60231	-3.12298
2.30622	-2.67731
2.48337	-2.90069
2.58729	-2.92873
2.8521	-3.44069
2.46783	-3.20627
2.07851	-2.7068
2.26128	-2.82843
1.78115	-1.78849
1.51408	-1.36408
0.347526	-0.448172
0.48096	-0.115994
0.497729	-0.184506
0.385186	0.0514696
0.514483	0.56094
0.545376	0.414337
0.311799	-0.263357
1.11687	-0.682651
1.32979	-1.09956
1.3384	-1.09071
1.31556	-0.836475
1.76989	-0.989613
2.20041	-1.6754
2.743	-2.63469
2.17471	-1.86808
1.9767	-1.60903
1.98803	-1.67222
1.72218	-1.29942
1.52659	-1.09248
1.22706	-0.800713
1.08191	-0.807413
0.81774	-0.819399
0.509196	-0.868819
0.278153	-0.919379
0.358478	-0.789725
2.57782	-3.31902
2.6383	-3.39014
2.29449	-2.86462
2.2803	-2.72233
2.0693	-2.31367
1.21315	-1.13246
1.12407	-0.968715
1.13536	-0.879278
0.9606	-0.778514
0.637653	0.00120788
0.871455	-0.164086
1.45855	-1.2105
1.69883	-1.42868
1.58979	-1.03408
1.59108	-0.898685
2.03305	-1.49424
2.89691	-3.01206
2.71902	-2.91058
1.50323	-1.47214
2.12046	-2.36744
2.61931	-3.02989
2.84367	-3.08321
2.75846	-2.68625
2.53043	-2.23872
2.2997	-1.9324
2.04953	-1.75395
1.98878	-1.63409
1.55366	-1.10352
1.67528	-1.18287
2.05415	-1.58116
2.08122	-1.55638
1.92109	-1.30274
1.8123	-1.15619
2.1849	-1.82093
2.31821	-2.07848
3.02077	-3.09964
2.84949	-3.34183
2.46766	-3.14392
2.57644	-3.30752
2.32647	-2.9291
1.94828	-2.29303
0.755216	-0.903514
0.380537	-0.780521
0.0029878	-0.780252
-0.0438186	-0.867477
-0.112662	-0.975002
-0.139223	-1.0179
-0.024285	-1.02056
0.28319	-1.02943
0.775465	-1.24194
1.15759	-1.37716
1.73296	-1.80693
1.98399	-1.88282
1.95777	-1.61135
2.31868	-1.92686
2.88869	-2.87073
2.45706	-2.52805
2.31364	-2.43515
1.12695	-0.986568
2.19457	-2.33889
1.63753	-1.46051
1.37611	-0.893547
1.17124	-0.532311
1.30906	-0.620591
1.06375	-0.249114
1.06259	-0.145135
1.09575	-0.254311
1.30574	-0.61353
1.69382	-1.25362
1.8768	-1.77154
2.22507	-2.36239
2.30831	-2.4571
2.13398	-2.58731
2.30133	-2.86792
2.11577	-2.63905
2.07217	-2.58732
2.22481	-2.86347
1.71369	-2.10605
0.501619	-0.584052
-0.0933539	-0.473796
-0.17171	-0.746466
-0.00397014	-0.899355
0.252299	-0.85438
0.429594	-0.797254
0.527577	-0.708027
0.607068	-0.628207
0.748879	-0.631673
1.20796	-1.01581
1.3304	-0.927102
0.855219	-0.205113
0.261166	-0.335694
0.0411314	-0.198694
0.290569	0.0855216
0.212946	0.112261
0.279211	0.370669
0.586499	0.630034
0.47627	0.563387
0.377164	0.259418
0.499969	0.237146
0.609996	0.0178506
0.636501	-0.24241
0.791528	-0.364326
1.24059	-0.859838
1.53986	-1.1241
1.18161	-1.14225
0.699116	-0.565104
0.85603	-0.581736
1.05875	-0.68978
1.51007	-1.20518
1.30166	-1.22885
1.28944	-1.3563
0.968902	-1.11084
1.04248	-1.3232
0.895903	-1.31728
0.602764	-1.09137
0.536283	-1.04087
0.55807	-1.04409
0.534342	-0.995245
0.724049	-1.11098
1.17463	-1.55634
1.23927	-1.38159
1.38566	-1.53797
1.29791	-1.27537
0.916828	-0.868364
0.991116	-0.567858
0.988414	-0.620164
0.929042	-0.90703
0.767742	-0.699911
0.929437	-0.706991
0.577745	-0.226309
0.823028	0.249109
0.794107	-0.545569
0.559028	-0.505327
0.494783	-0.277967
0.270909	-0.859423
0.45315	-0.904543
0.0300776	-0.796681
0.358069	-1.03495
0.547768	-1.04879
0.709285	-0.947262
1.25304	-0.915027
0.683577	-0.460493
1.09248	-0.525379
0.857226	-0.282409
0.798799	-0.213158
0.928535	-0.42123
1.35884	-1.13825
1.26164	-0.77454
0.736006	0.127588
1.23745	-0.483837
1.93747	-1.56621
2.12549	-1.75335
2.08684	-1.77069
2.15236	-1.58519
1.72475	-1.21536
2.21787	-1.52717
1.78395	-1.05866
1.96246	-1.21952
1.52754	-0.750754
1.54286	-0.820288
1.26925	-0.637408
1.20904	-0.614942
1.18487	-0.561602
1.26938	-0.475179
0.770976	-0.0931582
0.927073	-0.267911
1.10883	-0.402252
1.05172	-0.294974
0.838071	-0.239569
