-0.687099	0.00122797
-0.733727	-0.398538
-0.727431	-0.407011
-0.742641	-0.414327
-0.819602	-0.137559
-0.545286	-0.250229
-0.652335	-0.487831
-0.548514	-0.161016
-0.65171	-0.158383
-0.795552	-0.336009
-0.898109	-0.226744
-0.747221	-0.238979
-0.863313	-0.154444
-0.812988	-0.275427
-0.609132	-0.036245
-0.056805	0.493421
-0.112072	0.773448
0.254328	0.553632
-0.180705	0.787443
-0.0921794	0.751586
-0.0973258	0.793583
-0.169629	0.855318
-0.170267	0.865536
-0.352514	0.819616
-0.345521	0.788264
-0.266832	0.793352
-0.404551	0.76947
-0.495661	0.803212
-0.530052	0.805814
-0.579026	0.752669
-0.631586	0.724108
-0.689718	0.723236
-0.709986	0.707222
-0.72332	0.723595
-0.787455	0.695175
-0.767182	0.707176
-0.463466	0.128048
-0.604345	-0.0974115
-0.711569	0.0121752
-0.799713	0.177951
-0.786822	0.282093
-0.931627	0.349889
-0.979662	0.437973
-0.777198	0.494147
-0.765036	0.540984
-0.572487	0.485216
-0.396716	0.394742
-0.186651	0.266963
-0.52115	0.670941
-0.721968	0.873548
-0.544624	0.933281
-0.243293	0.870407
-0.177131	0.861811
-0.177512	0.886988
-0.223292	0.925403
-0.240819	0.965093
-0.360065	1.00517
-0.629145	0.963746
-0.310819	0.779361
0.00882762	0.614365
-0.092663	0.738176
-0.284871	0.904235
-0.326192	1.00128
-0.403905	1.11233
-0.481139	1.02602
-0.595293	0.972047
-0.617376	0.91224
-0.591651	0.471336
-0.486446	0.0198302
-0.477297	0.0148983
-0.353988	-0.0616597
-0.312594	-0.056009
-0.31376	-0.0263103
-0.305407	0.00691237
-0.298629	0.252894
-0.0201156	0.278917
0.182904	0.403901
0.399614	0.432297
0.448955	0.663141
0.206984	0.633558
0.05179	0.756327
0.133575	0.541908
0.149482	0.485839
0.0958061	0.360459
0.13305	0.259661
-0.0598267	0.379291
-0.294263	0.474866
-0.489644	0.538586
-0.4584	0.505728
-0.30542	0.53568
-0.0411896	0.770346
0.079134	0.600182
0.0584177	0.632348
0.313464	0.595909
0.414779	0.481498
0.275277	0.352493
0.0733721	0.259381
-0.196995	0.330257
-0.172526	-0.0530489
0.0508198	-0.140003
-0.00637751	0.115487
-0.367132	0.332976
-0.45016	0.0696661
-0.546468	0.100517
-0.36413	0.216119
-0.428469	0.447814
-0.411148	0.338228
-0.4486	0.346215
-0.375608	0.545193
-0.443986	0.324851
-0.446012	0.076493
-0.556194	0.336414
-0.408509	0.5098
-0.140334	0.405996
0.0357867	0.424823
0.0273353	0.525057
-0.150108	0.443679
-0.355802	0.0147128
-0.240119	-0.158702
0.0467986	-0.0337539
0.0479697	-0.27363
0.0638361	-0.25889
-0.241564	-0.110089
0.0699654	-0.0789573
-0.370225	0.1831
-0.476945	0.325648
-0.66864	0.385421
-0.582388	0.31281
-0.61079	0.346053
-0.696725	0.0121295
-0.774496	-0.13566
-0.743389	-0.273022
-0.789254	-0.293201
-0.641123	-0.164537
-0.573394	-0.0915871
-0.411775	-0.0136134
-0.187099	0.142448
-0.375235	0.0330107
-0.610591	0.378463
-0.730922	0.420586
-0.489459	0.523333
-0.0694286	0.209817
-0.380565	0.194094
-0.376553	0.165415
-0.508319	0.227865
-0.390506	0.156544
-0.487743	0.199217
-0.548436	0.205649
-0.612471	0.18083
-0.597789	0.197771
-0.363527	0.0225548
-0.356554	-0.00673797
-0.322946	-0.16474
-0.239116	-0.375055
-0.371983	-0.348449
-0.275917	-0.247682
-0.124763	-0.389845
-0.18011	-0.333481
-0.0351731	-0.349536
0.166652	-0.325354
0.208046	-0.0324354
0.0437302	0.0223273
-0.00708835	0.106305
0.0100815	0.21549
-0.140497	0.0545815
-0.335062	0.0622765
-0.0194418	0.03666
-0.293385	0.0299889
-0.520321	0.166589
-0.425281	0.225617
-0.40219	0.344934
-0.607819	0.436493
-0.502485	0.478848
-0.572826	0.623398
-0.111826	0.583648
0.0706833	0.536298
-0.0260432	0.382178
-0.18427	0.136765
-0.107921	-0.0514647
-0.180416	-0.14337
-0.0590334	0.000880227
-0.604181	-0.447436
-0.436258	-0.401398
-0.519456	-0.18273
-0.448503	-0.0627191
-0.123564	-0.178015
-0.164913	-0.284094
-0.0490642	-0.406805
-0.341024	-0.156483
-0.240466	-0.194136
-0.296851	-0.155731
-0.26344	-0.107989
-0.387838	-0.125831
-0.537926	-0.0202622
-0.599856	-0.299495
-0.799392	-0.309525
-0.767079	-0.253845
-0.839907	-0.365362
-0.932702	-0.440522
-0.688617	-0.281745
-0.948284	-0.0423932
-0.777977	-0.379905
-0.760563	-0.326666
-0.764497	-0.311278
-0.854882	-0.443906
-0.39942	-0.0449846
-0.549038	-0.0812969
-0.717778	-0.0739542
-0.811297	-0.361154
-1.01052	-0.335418
-0.797856	-0.140029
-0.496725	-0.19551
-0.623664	0.021772
-0.786382	-0.081642
-0.9167	-0.166645
-0.811035	-0.242235
-0.709962	-0.204698
-0.773206	0.258758
-0.388462	0.517416
-0.475035	0.0962129
-0.341202	-0.0911647
-0.081354	-0.210019
0.0909757	-0.259456
-0.0138717	-0.436323
-0.243364	-0.306835
-0.338137	-0.123682
-0.37454	-0.11298
-0.478957	-0.052574
-0.55259	-0.00263099
-0.489142	0.0350377
-0.506096	0.140739
-0.540738	0.355851
-0.589485	0.530744
-0.519831	0.577201
-0.454152	0.683518
-0.573364	0.78851
-0.623935	0.843541
-0.586581	0.900775
-0.566265	0.883836
-0.523829	0.937687
-0.393508	0.971674
-0.422413	0.940783
-0.447905	0.843359
-0.552386	0.663611
-0.574925	0.422813
-0.462322	0.132661
-0.261933	0.00584254
-0.0185032	0.0327124
0.209945	0.103647
0.25922	0.174196
0.225567	0.338257
-0.0564351	0.441732
-0.440523	0.321859
-0.395301	0.0790439
-0.0373848	-0.179002
-0.70045	0.0655505
-0.390933	-0.00835981
-0.490218	-0.179614
-0.288162	-0.158591
-0.490886	-0.205529
-0.73214	-0.111338
-0.739662	-0.0826133
-0.689795	-0.0663395
-0.687288	-0.0378971
-0.678105	-0.00233548
-0.743592	0.0450721
-0.626894	-0.0452583
-0.622669	-0.104607
-0.627671	-0.163909
-0.627999	-0.243373
-0.606556	-0.313446
-0.682653	-0.306537
-0.77136	-0.222876
-0.58125	-0.169096
-0.543653	0.00299674
-0.575111	0.115525
-0.623211	0.284158
-0.878913	0.432297
-0.837919	0.579553
-0.748891	0.514884
-0.866665	0.594064
-0.943566	0.620663
-0.895811	0.537344
-0.930791	0.50733
-0.479444	-0.0498323
-0.491349	-0.250941
-0.580887	-0.160911
-0.708018	-0.0103633
-0.875472	0.133577
-0.900465	0.515237
-0.847934	0.675224
-0.751931	0.654732
-0.67159	0.711623
-0.317031	0.655912
-0.135979	0.629425
-0.375307	0.41047
-0.325444	0.283112
-0.105264	0.420738
-0.392076	0.230979
-0.403125	0.0269391
-0.538948	0.0298707
-0.830492	-0.0708863
-0.828506	-0.188336
-0.374427	0.0202511
-0.841213	-0.0679156
-0.707117	-0.160016
-0.502897	-0.197468
-0.959569	-0.0468491
-0.180261	0.147474
-0.0947506	0.0324586
-0.0960912	-0.00669382
-0.0886682	0.0566534
-0.367412	0.217388
-0.868657	-0.0386944
-0.378618	0.0446987
-0.235824	-0.21464
0.00136015	-0.0577794
-0.0209971	-0.0131769
0.04787	0.00999304
0.0969911	0.0494965
0.109986	0.128867
0.120826	0.131557
0.00547163	0.0803964
-0.0865396	0.223
-0.143248	0.0888889
-0.713198	-0.0432155
-0.680099	0.0579812
-0.490128	-0.138686
-0.466828	0.0233631
-0.325686	0.0414058
-0.0654073	-0.120555
-0.42693	0.119367
0.0595918	0.131163
0.152572	0.314436
0.290256	0.197088
0.313873	0.112046
0.0515888	0.0821726
-0.0538406	0.0216897
-0.191179	0.113623
-0.103642	0.222973
-0.355413	0.173199
-0.537279	0.274872
-0.514279	0.371423
-0.293408	0.45946
-0.181553	0.398586
-0.138555	0.495397
-0.411939	0.44434
-0.153289	0.182024
-0.278691	0.347521
0.178817	0.368867
0.38492	0.105465
0.449163	-0.112948
-0.0534322	-0.346031
-0.229522	-0.235797
-0.417349	-0.130133
-0.61616	-0.177639
-0.482828	-0.170342
-0.395551	-0.0819334
-0.416656	-0.00982623
-0.544289	0.160834
-0.653969	0.133219
-0.556977	0.213442
-0.373682	-0.147194
-0.499125	-0.278975
-0.594256	-0.137252
-0.816697	0.121433
-0.894295	0.485071
-0.783377	0.473684
-0.57667	0.433861
-0.351009	0.300989
-0.11986	0.672776
0.132822	0.877005
0.1453	1.01587
-0.0262518	0.986746
-0.293943	0.636121
-0.282073	0.670907
-0.482853	0.820017
-0.343838	0.720837
-0.247558	0.708588
-0.222553	0.670033
-0.0494475	0.546517
0.109465	0.408578
-0.137639	0.38496
-0.108395	0.127476
-0.243526	0.0970156
-0.686407	-0.296076
-0.767113	-0.187522
-0.913971	-0.553819
-0.393476	-0.303175
-0.024856	0.429442
-0.268293	0.622265
-0.281336	0.404686
-0.428425	0.154986
-0.295491	-0.156469
-0.216813	-0.0815606
-0.150466	0.26861
-0.0638556	0.261775
0.365295	-0.22683
0.291977	0.0517706
-0.181173	-0.0128037
-0.565332	0.0832542
-0.665171	0.00542987
-0.539349	-0.0525269
-0.569225	-0.140613
-0.742085	-0.0953153
-0.246343	-0.115505
-0.455051	-0.178109
-0.527147	-0.13915
-0.763943	-0.183149
-0.737718	-0.228062
-0.844296	-0.21446
-0.748334	-0.261945
-0.754456	-0.263831
-0.768138	-0.203413
-0.754662	-0.13007
-0.691118	-0.0269429
-0.747822	0.538586
-0.692479	0.643748
-0.486924	0.459514
-0.333146	0.221646
-0.0383991	0.0931234
-0.0577559	0.111617
0.00967816	0.00622669
-0.0588617	0.153832
0.09794	0.509271
-0.0240312	0.202469
-0.254131	0.268156
-0.0943149	0.12063
-0.0662698	0.391439
-0.097293	0.257751
-0.791462	-0.181107
-0.894998	-0.361832
-0.88908	-0.298496
-0.783957	-0.290704
-0.807171	-0.32785
-0.745084	-0.385094
-0.784242	-0.307212
-0.72117	-0.345673
-0.53924	-0.215294
-0.657323	-0.209778
-0.630315	-0.231174
-0.284439	0.0997737
-0.287175	-0.00995661
-0.473778	0.326693
-0.314606	0.376585
-0.212292	0.396821
0.0139089	0.40139
0.15737	0.0671777
0.270174	-0.0663473
0.0409824	-0.0943369
-0.131799	-0.165322
-0.194719	-0.444518
-0.319099	-0.382615
-0.711782	0.0115295
-0.545149	0.016121
-0.421453	0.0282297
-0.593662	0.178048
-0.429886	0.0753908
-0.727827	-0.229209
-0.632017	-0.188523
-0.613616	-0.270003
-0.071361	-0.0747416
-0.163244	-0.0485878
-0.261474	-0.16523
-0.273468	-0.216237
-0.222529	-0.140376
-0.0755955	-0.0196796
0.0998145	0.151658
0.304788	0.126166
0.305893	-0.206637
-0.141844	-0.283832
-0.16706	-0.370565
0.114263	-0.339843
-0.278158	-0.352102
-0.205548	-0.0329767
0.148229	0.486838
-0.127034	0.30414
-0.449156	0.421165
-0.273413	0.310249
-0.406611	0.258426
-0.804482	0.40848
-0.773165	0.359108
-0.66811	0.330203
-0.516441	0.304045
-0.252808	0.25291
-0.111987	0.116822
-0.172925	0.0881561
-0.428702	-0.0648078
-0.474458	-0.206107
-0.39269	-0.351021
-0.229477	-0.353591
-0.165752	-0.273016
0.0368062	-0.203971
0.248415	-0.143845
0.162831	-0.114339
-0.119223	0.0296376
0.0305652	-0.0900066
-0.242281	-0.178278
0.181084	-0.223535
0.0179792	0.0819899
-0.0685017	0.580127
-0.118848	0.564157
-0.0903227	0.562016
0.0406284	0.475793
0.130138	0.372537
0.192473	0.422669
0.145309	0.359316
0.241472	0.315633
0.0506981	0.249764
-0.346999	0.219912
-0.694762	-0.145672
-0.926406	-0.225285
-1.01329	-0.130021
-1.01073	-0.022836
-1.07421	-0.063431
-1.04765	0.00654039
-0.816986	0.215076
-1.06278	0.0840286
-0.649753	0.646204
-0.435936	0.635775
-0.393318	0.515599
-0.494481	0.468824
-0.484103	0.423091
-0.436027	0.277716
-0.298508	0.158944
-0.10069	0.103621
0.201352	0.0890354
0.189816	0.254159
0.261783	0.364813
0.384285	0.419334
0.283398	0.52573
0.346295	0.518196
0.20946	0.350581
-0.00961893	0.413204
-0.340148	0.468724
-0.604569	0.468825
-0.105057	-0.0223397
-0.358064	0.373605
-0.567925	0.500137
-0.419397	0.536438
-0.502407	-0.0342669
-0.562962	-0.0606152
-0.612749	-0.107516
-0.782393	-0.041923
-0.937864	-0.0434545
-0.970137	0.0551534
-0.928274	0.130585
-0.863271	0.244497
-0.795142	0.448783
-0.589526	0.624205
-0.319876	0.779872
-0.181243	0.856196
-0.121342	0.953183
-0.217074	1.07054
-0.314371	1.09236
-0.383588	0.970542
-0.427449	0.76821
-0.26009	0.667536
-0.180421	0.560668
-0.202853	0.647701
-0.190664	0.516197
-0.143534	0.331373
-0.325953	0.372976
-0.195264	0.32389
0.0531937	0.345952
-0.198357	0.143462
-0.244947	-0.220573
-0.250319	-0.140784
-0.149327	-0.105462
-0.104265	-0.481561
-0.203765	-0.376903
-0.150779	-0.305053
-0.21271	-0.319455
-0.0727721	0.0121061
-0.115949	-0.0854373
-0.279894	-0.11854
-0.359491	-0.136751
-0.405692	-0.0188541
-0.399851	-0.260527
-0.475445	-0.247931
-0.646816	-0.218315
-0.574316	-0.202028
-0.720774	-0.257643
-0.524658	-0.206938
-0.851873	-0.250955
-0.64345	-0.133237
-0.69625	-0.249865
-0.522715	-0.382025
-0.281997	-0.184305
-0.163786	-0.0471829
-0.0694766	0.0424919
0.0311827	0.0703885
0.131782	0.236416
0.150148	0.110718
0.0183055	0.0195647
-0.208583	0.24367
-0.595634	0.0134231
-0.615048	-0.103976
-0.698141	-0.0221508
-0.760035	-0.182122
-0.660381	-0.315677
-0.80693	-0.198604
-0.963364	-0.227747
-0.779924	-0.346964
-0.95008	-0.478642
-0.49575	-0.142704
-0.742086	-0.234734
-0.805571	-0.216744
-0.885397	-0.485643
-0.899374	-0.388684
-0.853391	-0.383757
-0.629901	-0.289604
-0.695578	-0.251114
-0.74763	-0.158819
-0.285424	0.0662161
0.0737634	0.291289
0.0921184	0.546236
0.0261907	0.551589
-0.131149	0.462785
0.0368389	0.358221
0.096466	0.461489
-0.333053	0.518059
-0.461963	0.731838
-0.314959	0.826253
-0.25912	0.765578
-0.272341	0.856267
-0.0953048	0.734857
0.199529	0.690292
0.0691767	0.589815
-0.165803	0.328182
-0.307801	0.26326
-0.375252	0.0849677
-0.444415	-0.146713
-0.442403	-0.117736
-0.286075	-0.224548
-0.309364	-0.0762112
-0.388623	-0.145498
-0.57368	-0.0852161
-0.364978	-0.0659931
-0.335948	0.232502
-0.569754	0.457175
-0.663766	0.39737
-0.683275	0.365303
-0.918213	0.389832
-0.926406	0.385411
-0.876621	0.394279
-0.902175	0.44338
-0.78788	0.473379
-0.68506	0.530139
-0.56068	0.566667
-0.556618	0.54077
-0.427437	0.419682
-0.564816	0.589239
-0.530096	0.686385
-0.372549	0.632406
-0.478924	0.677313
-0.431089	0.735523
-0.372735	0.891847
-0.35859	0.839722
0.142087	0.617245
0.226716	0.6502
0.215256	0.689661
-0.320684	0.393963
-0.165127	0.582083
-0.194671	0.806431
-0.204215	0.213895
-0.114245	0.0974527
-0.0133999	0.496184
0.126093	0.267699
0.0801609	-0.0652177
-0.361396	0.105669
-0.781027	0.107681
-0.833912	0.0098024
-0.888112	-0.0523989
-0.889233	-0.11799
-0.866109	-0.205402
-0.614149	-0.322618
-0.380241	-0.334953
-0.114594	-0.158432
-0.0731274	0.223646
-0.447296	-0.199569
-0.758447	-0.0834188
-1.03497	-0.061822
-1.02188	0.0515296
-0.723828	0.163841
-0.575924	-0.105185
-0.753331	0.0563171
-0.330525	0.385139
-0.436934	0.527728
-0.306006	0.605262
-0.252656	0.625095
-0.315233	0.673798
-0.287668	0.713706
0.0711246	0.310616
-0.0552095	0.161992
-0.380882	0.19909
-0.598122	0.128877
-0.705343	-0.0216761
-0.62713	-0.0854964
-0.574565	0.00497318
-0.646178	-0.22239
-0.517353	-0.384202
-0.544401	-0.35027
-0.492749	-0.318146
-0.265278	-0.181429
-0.702058	0.454985
-0.729982	0.65319
-0.661231	0.718895
-0.695457	0.671887
-0.64234	0.77712
-0.633385	0.789362
-0.584847	0.811027
-0.583406	0.794607
-0.384277	0.661768
-0.282409	0.64231
-0.173554	0.691652
0.071357	0.504743
-0.0412029	0.544547
0.118658	0.406553
-0.129973	0.477456
-0.26723	0.481453
-0.351145	0.573511
-0.355463	0.566897
-0.143228	0.662531
0.091482	0.578353
0.0340769	0.483489
0.00358674	0.352324
-0.0748148	0.429433
-0.139722	0.251696
-0.13236	0.316699
-0.184183	0.244919
-0.349779	0.118399
-1.37987	-0.176626
-1.30867	0.14564
-0.407958	-0.242459
-0.0740511	-0.0862897
-0.188835	0.393598
0.0645474	0.68773
-0.416297	0.633817
-0.501464	0.6165
-0.848261	0.56903
-0.776483	0.501872
-0.760441	0.492538
-0.502354	0.305824
-0.230925	0.35634
-0.254867	0.321179
-0.357843	0.149845
-0.437505	0.0509254
-0.534596	0.205633
-0.530536	0.131542
-0.685769	-0.195095
-0.516982	0.0154037
-0.49602	-0.129536
-0.83299	-0.0429087
-0.675211	0.0348723
-0.532146	-0.0883787
-0.45085	-0.00959869
-0.30575	-0.143712
-0.577222	-0.0219674
-0.754018	0.078142
-0.742406	0.0627781
-0.326025	0.0360809
-0.000810551	0.213072
0.134865	-0.0198472
-0.128491	0.094666
-0.104491	-0.0887353
-0.372194	-0.404876
-0.317665	-0.33922
-0.353062	-0.10661
-0.541754	0.0141247
-0.562266	-0.133544
-0.494716	-0.131723
-0.269496	-0.167834
-0.361882	-0.466409
-0.0943472	-0.0861248
-0.159343	-0.0345128
-0.208962	-0.0228855
-0.110087	0.0409697
-0.556151	0.383755
-0.648947	0.220915
-0.732318	-0.0551719
-0.558738	0.249346
-0.253033	0.282163
-0.401008	0.462629
-0.0866217	0.331909
0.098207	0.398084
0.28373	0.363801
0.471209	0.292285
0.536741	0.259593
0.266377	0.319677
0.174676	0.36516
0.148651	0.318504
0.0570332	0.23737
-0.0608059	0.0992281
-0.160295	-0.0427472
-0.244858	-0.17476
-0.379465	-0.264517
-0.513115	-0.329527
-0.346396	-0.132668
-0.423426	-0.33454
-0.497624	-0.148913
-0.517891	-0.276622
-0.447163	-0.268717
-0.474283	-0.258461
-0.516984	-0.157781
-0.555807	-0.0224387
-0.469842	0.0676917
-0.283195	0.0136005
-0.340781	-0.0431351
-0.47988	-0.280357
-0.384965	-0.310624
-0.200833	-0.203748
-0.32187	-0.187334
-0.661867	-0.00282703
-0.618564	-0.327946
-0.552077	-0.226303
-0.5961	-0.218707
-0.699629	-0.201182
-0.627022	-0.388234
-0.380182	-0.26168
-0.239957	-0.365773
-0.346347	-0.258854
-0.381621	-0.502228
-0.0359061	-0.471506
-0.323039	-0.431637
-0.19961	-0.504814
-0.174866	-0.569958
-0.0482401	-0.342542
0.0145984	-0.117644
0.14836	-0.206157
-0.123558	-0.555548
-0.241725	-0.528208
-0.228139	-0.379546
-0.415771	-0.482748
-0.607093	-0.555673
-0.715051	-0.451294
-0.687722	-0.334284
-0.769612	-0.196385
-0.583493	-0.306199
-0.598541	-0.223895
-0.709415	-0.220603
-0.797559	-0.31533
-0.714476	-0.359584
-0.712905	-0.284792
-0.756414	-0.349371
-0.350299	0.0214773
-0.726039	-0.277018
-0.673505	-0.293258
-0.838947	-0.0706264
-0.836392	-0.265158
-0.819229	-0.400593
-0.703764	-0.225937
-0.673828	-0.281757
-0.821341	-0.258835
-1.00894	-0.165585
-0.751573	-0.261619
-0.34753	0.216486
0.0766478	0.19222
0.067576	0.616595
-0.0473475	0.535751
0.18932	0.262606
-0.00145004	0.0630429
-0.132335	0.0793724
-0.0522556	0.0365774
0.0667912	-0.0508986
0.274588	-0.18198
0.253891	-0.118506
0.379486	-0.0506786
0.344861	0.134016
0.208635	0.353782
0.18014	0.0763284
-0.0262397	0.0720401
-0.112246	0.0238461
-0.207666	0.0717146
-0.160009	-0.243301
-0.0601793	-0.149323
-0.050987	-0.22943
-0.16434	-0.362817
-0.0882389	-0.173616
0.116237	-0.0540305
0.144422	0.0392397
0.0773201	0.0470317
0.105705	-0.150406
-0.0633905	-0.315384
-0.242161	-0.431102
-0.507317	-0.357042
-0.611837	-0.328956
-0.42389	-0.380628
-0.486872	-0.243593
-0.25147	-0.155061
-0.307047	0.295144
-0.186825	0.683673
-0.231174	0.492097
-0.0344525	0.663116
0.0522716	0.761827
0.209177	0.616271
0.577345	0.334947
0.611387	0.328215
0.511323	0.314552
0.337182	0.349821
0.41021	0.138808
0.387041	0.039304
0.346422	0.127216
0.192171	0.0543296
0.245217	0.0551265
0.136407	0.219236
0.165095	0.185245
0.143612	0.241566
0.0802109	0.33065
0.139743	0.375511
0.19244	0.398699
0.0730808	0.218429
0.0189669	-0.0724465
-0.107668	-0.479883
0.055841	-0.4473
0.0228655	-0.297986
-0.362341	-0.492096
-0.102072	-0.380239
-0.297555	0.166336
-0.272793	0.437505
-0.394243	0.255668
-0.649286	-0.0198052
-0.589808	0.00551127
-0.494722	-0.242783
-0.360791	-0.262348
-0.251495	0.309089
-0.408357	0.30787
-0.715079	0.300097
-0.777193	0.559035
-0.67197	0.565711
-0.680269	0.475344
-0.754469	0.344297
-0.527053	0.227605
-0.312345	0.148037
-0.203148	0.155332
-0.148602	0.261955
-0.010463	0.288409
0.0507122	0.358871
-0.00300724	0.469894
0.0431936	0.338998
0.108579	0.31094
0.226342	0.0829961
0.283602	0.0591986
0.229939	0.323431
-0.0237642	0.491451
-0.315406	0.533047
-0.272715	0.538716
-0.243413	0.370597
-0.126248	0.284668
-0.0966642	0.0602655
0.0114535	-0.0295541
-0.0264834	-0.0630741
0.0121385	-0.156641
-0.0122395	-0.269796
-0.195439	-0.295104
-0.22433	-0.344604
-0.179608	-0.179299
-0.0866211	-0.16535
0.260607	0.00217836
0.400615	0.188042
0.329002	0.322682
0.398229	0.24397
0.347242	0.165548
0.344802	0.331726
0.308982	0.266347
0.281895	0.449485
0.241129	0.195052
0.0194032	-0.00871554
-0.300642	-0.124147
-0.468034	-0.301522
-0.73708	-0.320425
-0.761483	-0.28661
-0.770253	-0.068208
-0.909264	0.204921
-0.4108	0.438812
-0.118609	0.374302
0.0207659	0.225223
0.0466033	0.276973
0.140011	0.168955
-0.166772	0.389348
-0.477527	0.489881
-0.70538	0.50306
-0.784687	0.333876
-0.909751	0.155206
-0.942124	-0.00477107
-0.510412	-0.00295163
-0.50673	0.037126
-0.382845	-0.169744
-0.281435	-0.365277
-0.517327	-0.493143
-0.64362	-0.174438
-0.499371	-0.176444
-0.456111	-0.218483
-0.432599	-0.338375
-0.641666	-0.363742
-0.37383	-0.328311
-0.545291	-0.0702589
-0.586019	-0.243042
-0.724767	-0.0939046
-0.798236	-0.327648
-0.991735	-0.18016
-0.780639	-0.219455
-0.95748	-0.297101
-0.821857	-0.247781
-0.876323	-0.128374
-1.05828	-0.371904
-0.663813	-0.270306
-0.898502	-0.349108
-1.11345	-0.313116
-1.01868	-0.461346
-0.723766	-0.251118
-0.980971	-0.250672
-0.707873	-0.250845
-0.910976	-0.163308
-0.849916	-0.323511
-0.748999	-0.454961
-0.984405	-0.483543
-0.941146	-0.229968
-0.93547	-0.283709
-0.933922	-0.384968
-0.778351	-0.260217
-0.926588	-0.343574
-0.573154	-0.173677
-1.06777	0.169046
-0.834602	0.13727
-0.384421	-0.305935
-0.25908	-0.345688
0.0511593	0.059175
0.307396	0.122605
0.414367	0.110614
0.287765	0.157109
0.208507	0.213849
0.149132	0.200698
0.184812	0.207565
0.0791147	0.249889
0.121727	0.181482
0.0335567	0.256446
-0.517932	0.8068
-0.585858	0.821338
-0.651708	0.852362
-0.641478	0.872274
-0.602427	0.871733
-0.626057	0.869534
-0.61514	0.776509
-0.542841	0.788016
-0.254389	0.409978
-0.357307	0.0697311
-0.38401	0.0398616
-0.430192	0.205908
-0.318403	0.345188
-0.623065	0.349888
-0.743611	0.285919
-0.719182	0.177342
-0.68793	0.0155147
-0.700451	-0.124877
-0.696383	-0.204577
-0.727296	-0.226299
-0.602468	-0.267083
-0.530716	-0.271041
-0.342375	-0.267498
-0.191979	-0.184057
-0.0306013	-0.0514714
-0.204391	0.102071
-0.0049091	0.144388
-0.12172	-0.0983143
-0.479067	0.0483835
-0.501069	-0.0675653
-0.45543	-0.167978
-0.605824	-0.3311
-0.602322	-0.0883074
-0.659998	-0.0560684
-0.752864	-0.192225
-0.286983	-0.169701
-0.355146	0.227127
-0.474985	0.0980691
-0.888465	0.44947
-0.368501	0.42018
-0.589926	0.267057
-0.525032	0.148218
-0.517091	-0.0512386
-0.682794	-0.06523
-0.637636	-0.209555
-0.858909	-0.135109
-0.853285	-0.0854676
-0.925758	-0.296275
-0.585573	-0.136924
-0.445138	-0.470602
-0.39914	-0.0322164
-0.413234	0.114609
-0.223698	0.203465
-0.218655	0.0424934
-0.274256	0.0383724
-0.402907	-0.156717
-0.41793	-0.297386
-0.428071	-0.162501
-0.562359	-0.161921
-0.637932	-0.109673
-0.737801	0.113177
-0.532405	0.161363
-0.31374	0.19561
-0.575692	0.244641
-0.646481	0.410847
-0.316645	0.702918
-0.17681	0.814066
-0.133348	0.813869
0.0313166	0.420207
-0.152073	0.511777
-0.277904	0.550935
-0.549754	0.559995
-0.447112	0.411371
-0.370697	0.260704
-0.339689	0.217962
-0.313576	0.163186
-0.352409	0.111574
-0.499941	0.166173
-0.556568	0.130355
-0.377921	-0.0133257
-0.342188	0.0108567
-0.307597	0.145888
-0.320787	0.269181
-0.0794577	0.497035
-0.134406	0.35048
-0.155763	0.289537
-0.28508	0.0738829
-0.455981	-0.0219409
-0.437972	-0.208215
-0.489564	-0.224076
-0.270269	-0.423084
-0.369577	-0.258637
-0.455	-0.349914
-0.181368	-0.143141
-0.471139	-0.0421837
-0.647624	-0.148246
-0.476949	0.08452
-0.476102	0.16402
-0.373063	-0.00361539
-0.363626	-0.0614155
-0.344268	-0.168711
-0.464373	-0.0598634
-0.365011	-0.0358726
-0.462205	0.125464
-0.0312751	0.298476
0.353867	0.116791
0.241713	0.0974647
0.265915	-0.0269477
0.201858	0.118958
-0.305403	0.118347
-0.460967	-0.0998067
-0.499532	-0.0209713
-0.513496	-0.296791
-0.635958	-0.109604
-0.710943	-0.113718
-0.758294	-0.190515
-0.878935	-0.196776
-0.876581	-0.194322
-0.957501	-0.208937
-0.83145	-0.0356532
-0.555993	-0.0174875
-0.181786	-0.000432408
-0.214043	-0.081645
-0.391799	-0.201784
-0.568242	-0.276063
-0.519808	-0.336402
-0.495057	-0.391521
-0.395106	-0.533119
-0.520319	-0.419927
-0.654364	-0.218964
-0.761974	-0.108336
-0.480492	-0.110779
-0.0300717	0.0554603
0.186481	0.186185
0.276719	0.228045
-0.0168242	0.21381
-0.36142	0.372946
-0.416533	0.591283
-0.331383	0.725507
-0.331261	0.846621
-0.0683829	1.02259
-0.00433718	0.858258
0.337652	0.960769
0.307846	0.868897
0.0015231	0.939243
-0.116825	0.917528
0.12042	0.703594
-0.207155	0.28164
-0.326003	-0.102577
-0.537305	-0.217166
-0.484284	-0.277997
-0.856791	-0.0729771
-0.855171	-0.0978969
-0.995044	-0.213847
-0.692034	-0.118765
-0.814139	-0.347106
-0.734153	-0.31823
-0.791055	-0.445629
-0.941924	-0.299651
-0.797388	-0.347811
-0.711004	-0.0875079
-0.549075	-0.160876
-0.353453	-0.118486
-0.184692	0.0174687
-0.619147	0.0630328
-0.522255	-0.142943
-0.65241	0.0671684
-0.719546	-0.151408
-0.706365	-0.275487
-0.756232	-0.204608
-0.802203	-0.242836
-0.971988	-0.277145
-0.798708	-0.279133
-0.77177	-0.328974
-0.87007	-0.32563
-0.900601	-0.492565
-0.850653	-0.478678
-0.734636	-0.296807
-0.550161	-0.0157062
-0.798065	-0.190733
-0.807279	-0.416853
-0.741383	-0.235168
-0.805608	-0.331802
-0.856943	-0.244737
-0.775507	-0.263135
-0.836194	-0.315765
-0.449921	0.0733887
-0.0785852	0.28735
-0.159008	0.24441
-0.641166	0.0915482
-1.04932	-0.254487
-0.971909	-0.0766393
-1.05718	-0.148053
-1.1914	-0.175609
-1.07354	-0.0352729
-0.977499	0.0675448
-0.963691	0.120044
-0.899	0.158583
-0.417773	0.070681
-0.538133	0.127061
-0.487502	-0.0304074
-0.844695	0.0426714
-0.805034	-0.173029
-1.04379	-0.206784
-0.941298	-0.18196
-0.515031	0.679905
-0.497377	0.607088
-0.247439	0.545473
-0.221763	0.536935
-0.217521	0.511838
-0.150245	0.312927
-0.0904361	0.141526
0.193169	0.0147972
0.0977294	0.201751
-0.172875	0.324225
-0.270203	0.41308
-0.552985	0.202667
-0.623117	0.0787469
-0.620736	-0.070703
-0.184338	0.223362
-0.444846	0.271368
-0.295284	0.254665
-0.302485	0.248242
-0.283937	0.253432
-0.158272	0.257524
-0.0816672	0.280171
-0.140754	0.437915
0.211872	0.467886
0.298312	0.165127
0.300144	0.11593
0.15544	0.154477
0.0641156	0.0647841
-0.406627	0.0169515
-0.24916	0.0727256
-0.321169	0.442084
-0.236396	0.333559
0.0422987	0.479374
0.143999	0.21042
0.273317	0.0894088
0.182964	0.220806
0.308706	0.636133
0.378772	0.408049
0.271795	0.391856
0.0880219	0.515376
-0.194335	0.663087
-0.137196	0.654994
0.00550026	0.641689
0.0224171	0.530935
0.0224375	0.50506
0.00313908	0.565335
0.148789	0.606301
0.281597	0.520766
0.143039	0.46149
-0.0289445	0.37576
-0.116978	-0.0702366
-0.0656811	-0.169325
-0.0277116	-0.381892
-0.216513	-0.200217
-0.152087	-0.371634
-0.327909	-0.0522323
-0.296073	0.0493604
-0.722966	0.153128
-0.397324	0.298587
-0.323598	0.861093
-0.400989	0.914437
-0.0962946	0.775846
-0.158611	0.859372
-0.263121	1.01464
-0.31182	0.992344
-0.327394	1.02545
-0.375083	1.00332
-0.517504	1.00972
-0.449966	0.921086
-0.53009	0.861978
-0.58344	0.765834
-0.593214	0.604729
-0.650307	0.548793
-0.590305	0.458098
-0.619189	0.369435
-0.618052	0.27685
-0.618025	0.196147
-0.600722	0.148341
-0.535323	0.0717612
-0.464136	-0.00147168
-0.708151	0.476796
-0.901662	0.641649
-0.831157	0.579468
-0.673048	0.534511
-0.792744	0.52794
-0.748243	0.510877
-0.719663	0.506102
-0.850985	0.548945
-0.84993	0.450669
-0.717493	0.349928
-0.744575	0.354417
-0.76725	0.387227
-0.611364	0.226741
-0.549216	0.0771997
-0.568937	0.145478
-0.327567	0.0729566
-0.23843	0.116818
-0.0518446	0.192389
0.0823139	0.231107
0.321839	0.2419
0.250903	0.180311
0.318466	0.000236091
0.274337	0.0296924
0.207618	-0.10535
-0.0143085	0.0721791
0.168022	0.0410635
-0.219238	0.296974
-0.310191	0.236297
-0.482131	0.379677
-0.543138	0.429749
-0.585608	0.429287
-0.565789	0.336448
-0.349019	0.0959944
0.229358	0.356648
0.122941	0.515243
-0.158307	0.244377
-0.340599	0.0814698
-0.36201	0.0641862
-0.138853	0.0742048
-0.0417385	0.103562
0.153323	0.00708654
0.12394	0.027321
0.0497526	0.189267
0.046544	0.216846
0.0686157	0.17994
0.0633096	0.158072
0.0582675	0.14433
0.0442082	0.185352
0.0112734	0.116883
-0.086852	0.10358
-0.122952	0.0578203
-0.211249	0.0625799
-0.286009	0.0938888
-0.365028	0.131443
-0.395118	0.101601
-0.424582	0.0537689
-0.38834	0.120527
-0.400485	0.141798
-0.19608	0.0357728
-0.0533891	0.120382
-0.0961642	0.306771
0.185091	0.220693
-0.0641973	0.22813
0.0461271	0.072844
0.247424	-0.333044
-0.238678	-0.178896
-0.349679	-0.0134766
-0.409233	-0.358295
-0.440888	-0.109559
-0.460795	-0.395916
-0.405193	-0.00448287
0.126874	0.0769653
0.107794	0.0840425
-0.0282371	0.0589635
-0.0659695	0.00356429
0.118147	0.0577638
0.0429999	0.128868
0.220653	0.00405659
0.177678	0.0940551
0.178341	0.120323
0.235507	0.094396
0.0739496	0.0102675
0.0203913	0.188685
-0.14744	0.156477
-0.24486	0.0587624
-0.413738	-0.0700942
-0.679964	-0.285912
-0.585654	-0.140767
-0.57693	-0.209373
-0.456269	-0.293471
-0.176046	0.454617
-0.123145	0.455505
-0.0652515	0.446698
-0.162047	0.451971
-0.14173	0.457155
-0.289034	0.615278
-0.27789	0.537244
-0.310975	0.557083
-0.1052	0.535151
-0.101845	0.47814
0.134713	0.376608
0.0306063	0.600401
-0.271459	0.461383
-0.0854879	0.203964
0.0255576	-0.129113
-0.207475	-0.313955
-0.393079	-0.051084
-0.368804	-0.0523179
-0.490399	-0.182349
-0.622157	-0.336282
-0.499783	-0.326608
-0.505108	-0.430852
-0.466675	-0.117917
-0.637827	-0.18058
-0.40018	0.252401
-0.305223	0.341022
-0.261358	0.201652
-0.345816	0.199765
-0.169038	0.462521
0.0321618	0.628886
0.328079	0.355345
-0.485069	0.335674
-0.45504	0.316648
-0.462985	0.354021
-0.159529	0.348975
-0.17543	0.277754
-0.0279222	0.169668
0.215035	-0.0843328
0.0846319	-0.0264737
-0.0528611	-0.350684
-0.111463	-0.207512
-0.107036	-0.24314
-0.15816	-0.328653
-0.141854	-0.211864
-0.244787	-0.27628
-0.531348	-0.228684
-0.633638	-0.271817
-0.703668	-0.128741
-0.477655	-0.0835271
-0.721442	-0.0434476
-0.641766	-0.28552
-0.688953	-0.0415002
-0.870291	-0.231773
-0.541507	-0.281373
-0.636859	-0.488475
-0.671249	-0.159756
-0.252512	0.0558652
-0.461293	-0.0394059
-0.792386	-0.0440937
-0.593968	-0.0283919
-0.173284	0.190579
-0.663222	0.430113
-0.704658	0.593534
-0.291945	0.59811
-0.266883	0.534233
0.000453939	0.427674
-0.00465711	0.363159
0.200468	0.335695
0.0814586	0.322498
0.265521	0.338233
-0.044594	0.273559
-0.188167	0.293294
-0.0760137	0.304581
-0.318401	-0.0306181
-0.0557744	-0.0849248
0.0710308	-0.215699
-0.0519143	-0.360003
-0.215753	-0.297778
-0.0226616	0.126981
-0.161932	-0.199082
-0.238324	-0.0558438
-0.120843	-0.0698629
-0.145467	0.107001
-0.352131	0.0921528
-0.286962	-0.0128837
-0.486291	-0.0799336
-0.489955	-0.30278
-0.674211	0.0539787
-0.687549	-0.396854
-0.753379	-0.310811
-0.68009	-0.453794
-0.860732	-0.313949
-0.725904	-0.271513
-0.69729	-0.232343
-0.67278	-0.250102
-0.775866	-0.315352
-0.860649	-0.263784
-0.912092	-0.178023
-0.890836	-0.334787
-0.746043	-0.0248681
-0.773431	-0.260653
-0.791329	-0.165801
-0.643219	-0.232653
-0.959907	-0.205719
-0.671634	-0.191354
-0.792605	-0.155433
-0.894816	-0.268599
-0.733157	-0.206371
-0.738201	-0.266613
-0.552366	-0.13109
-0.0129154	0.0719844
-0.0837238	0.413802
-0.204958	0.458889
0.334812	0.651951
0.394917	0.67233
0.307401	0.761906
0.250331	0.812968
0.169061	0.850456
0.0627294	0.867291
0.0157372	0.790598
-0.21761	0.757005
-0.401308	0.617048
-0.747448	0.502989
-0.835386	0.328177
-0.873195	0.1322
-0.503627	-0.216589
-0.332754	-0.264951
-0.237419	-0.0760437
-0.53485	0.455855
-0.447138	0.407203
-0.339766	0.346236
-0.395862	0.367189
-0.0864397	0.170567
0.231993	-0.075437
-0.253593	-0.133157
0.00912045	-0.260297
0.162542	-0.307928
0.319578	-0.26869
0.410051	-0.192365
0.433567	-0.208659
0.460927	-0.212644
0.426238	-0.158499
0.244051	0.228641
0.034973	0.224656
-0.0581401	0.0271243
-0.211898	0.0824743
-0.140833	-0.134338
-0.476325	-0.109846
-0.720016	-0.148851
-0.525662	-0.0248942
-0.430362	0.0276377
0.117078	0.181576
0.341631	0.050239
0.450989	-0.0144903
0.445526	0.00958996
0.443662	0.0863388
0.488574	0.0979933
0.132036	0.330882
0.0770281	0.214502
-0.285912	0.262414
-0.417633	0.302256
-0.21955	0.0375108
-0.341997	-0.0506735
-0.665395	-0.10117
-0.636109	0.0356712
-0.208732	0.0102899
-0.196095	-0.0532647
-0.297416	-0.0697863
-0.319281	-0.0683317
-0.308791	-0.0589987
-0.284349	-0.111501
-0.315889	-0.0615866
-0.608668	0.272265
-0.584163	0.322382
-0.626285	0.362473
-0.626914	0.360239
-0.594292	0.385718
-0.565839	0.416831
-0.437349	0.493518
-0.443584	0.445996
-0.545545	0.511865
-0.528512	0.615114
-0.519018	0.688217
-0.566345	0.672771
-0.602921	0.656271
-0.490596	0.672677
-0.534393	0.71747
-0.517708	0.732644
-0.49494	0.757286
-0.424175	0.704879
-0.302068	0.719064
-0.210149	0.496008
0.14041	0.275762
0.396998	0.0683239
0.390669	0.0578034
0.43396	0.0209754
0.449787	0.0305549
0.454164	0.0253139
0.480023	0.0823177
0.473975	0.100826
0.492823	0.14817
0.474943	0.268547
0.375321	0.434471
0.238297	0.49608
0.213146	0.292443
0.124202	0.292224
0.0893637	0.122668
-0.0427681	0.100614
0.0889764	0.0928979
-0.010783	0.218442
-0.238948	0.369805
-0.557986	0.388245
-0.692799	0.368805
-0.845211	0.411319
-0.77981	0.573343
-0.615378	0.665866
-0.523877	0.659356
-0.437988	0.556964
-0.235117	0.265344
-0.13504	0.048126
-0.148756	-0.0823388
-0.165843	-0.0535159
-0.104284	-0.0573635
-0.232902	0.0531488
0.031523	0.02267
-0.0292757	0.000511671
0.0563999	-0.0659393
0.0446819	-0.077481
-0.077568	-0.148493
-0.0302137	-0.171975
-0.203139	-0.172456
-0.0105464	-0.115504
-0.237498	-0.0668746
-0.0598208	0.0082267
-0.18079	0.0946983
-0.209741	-0.0123064
-0.349766	0.0909908
-0.529379	0.0177308
-0.634244	-0.0976098
-0.702019	-0.138069
-0.71924	-0.120434
-0.718073	-0.110265
-0.794447	-0.162041
-0.811254	-0.188928
-0.694519	-0.153181
-0.724832	0.202073
-0.615156	0.468615
-0.383764	0.530678
-0.456553	0.60323
-0.31365	0.587101
0.0422707	0.329727
0.213651	0.517998
0.00168684	0.61419
-0.192553	0.329746
0.00616812	0.287922
-0.126785	-0.0383473
-0.414928	-0.218515
-0.502551	-0.429418
-0.332211	-0.361557
-0.227967	-0.210097
-0.481414	-0.156881
-0.37877	-0.0185689
-0.506818	-0.0107295
-0.670651	0.132874
-0.533091	0.0151088
-0.241121	0.42817
0.209814	0.55207
-0.547052	0.77304
-0.404485	0.666093
-0.321945	0.448769
-0.354176	0.45107
-0.539022	0.337178
-0.256597	0.241247
-0.598943	0.232716
-0.159351	0.422928
-0.0323997	0.341969
-0.11482	-0.0180404
-0.321092	-0.0538825
-0.183653	-0.196737
-0.0779324	-0.193425
-0.150171	-0.489051
-0.390417	-0.608805
-0.726181	-0.679493
-0.59204	-0.718724
-0.558405	-0.277698
-0.378136	-0.218072
-0.448015	-0.116951
-0.555279	-0.0434663
-0.417223	-0.171712
-0.330408	-0.333096
-0.651702	-0.230748
-0.791425	0.127572
-0.392051	-0.120938
0.312298	-0.293646
0.0320795	-0.136025
-0.149302	-0.249773
-0.411613	-0.258766
-0.565216	-0.26063
-0.470372	-0.371938
-0.350884	-0.461671
-0.198709	-0.410216
-0.234077	-0.0890761
-0.439081	0.0650737
-0.485883	0.355666
-0.363807	0.263828
-0.403553	0.0332829
-0.26768	-0.205469
-0.271098	-0.215293
-0.34631	-0.218316
-0.504315	-0.073414
-0.496214	-0.131855
-0.19758	-0.362155
-0.115426	-0.229197
-0.377598	0.182191
-0.342853	-0.0870259
-0.299963	0.312343
-0.178551	0.764497
-0.227342	0.721073
-0.146635	0.753688
0.0287687	0.71957
-0.0283358	0.870226
-0.128846	0.553954
-0.325281	0.113859
-0.47141	-0.109031
-0.595448	-0.0652043
-0.629842	-0.296375
-0.57176	-0.344247
-0.666582	-0.2891
-0.811213	-0.134155
-0.642763	-0.233367
-0.220135	-0.486883
-0.12909	-0.497912
-0.494635	-0.37818
-0.0886966	-0.166079
-0.329729	-0.105178
-0.094291	-0.110779
0.100992	0.2718
0.385388	0.343245
0.184853	0.533225
0.267771	0.556119
0.380395	0.525709
0.222891	0.498742
0.0153671	0.525496
0.180914	0.479128
0.159206	0.575894
0.153449	0.57351
0.0589462	0.43886
-0.274333	0.304749
-0.535121	-0.105557
-0.682576	-0.323689
-0.22132	0.359284
-0.56408	0.174191
-0.774714	0.191476
-0.847551	0.274478
-0.741075	0.343275
-0.601878	0.223989
-0.631287	0.346396
-0.124341	0.457773
-0.124067	0.28608
0.0823679	0.142858
-0.246863	0.321269
-0.605149	0.324847
-0.400296	0.199192
-0.270422	0.133141
-0.00147968	-0.0128332
0.324044	-0.022159
0.298814	0.113336
0.321981	0.20541
0.305436	0.40405
0.317465	0.21287
0.356927	0.235592
0.253477	0.0811643
0.349542	-0.0271727
0.203589	0.354786
0.150056	0.439901
-0.27635	0.432684
-0.231126	0.0286442
-0.229583	0.0930349
-0.115408	0.349924
-0.205525	0.44444
-0.220713	0.145109
-0.247912	0.132864
-0.413689	-0.0209788
-0.510637	-0.0465144
-0.68577	-0.214196
-0.62352	-0.23856
-0.68847	-0.192993
-0.74062	-0.267891
-0.820361	-0.176027
-0.784236	-0.303389
-0.877265	-0.472281
-0.924527	-0.369985
-0.801039	-0.392034
-0.909957	-0.291242
-0.761697	-0.00963595
-0.750686	-0.269076
-0.783851	-0.166217
-0.784862	-0.332555
-0.985519	-0.207902
-0.792794	-0.273249
-0.478918	-0.273375
-0.629442	-0.421538
-0.587273	-0.399499
-0.355601	-0.142071
-0.327194	-0.307931
-0.412212	-0.475641
-0.349083	-0.442004
-0.381535	-0.531761
-0.972519	-0.288968
-0.447349	-0.512224
-0.377429	-0.440751
-0.264479	-0.395663
-0.124221	-0.377562
-0.0768103	-0.326473
-0.0965458	-0.281124
-0.11973	-0.298753
-0.19711	-0.328567
-0.314241	-0.324921
-0.367268	-0.360487
-0.359528	-0.388782
-0.441144	-0.392959
-0.520581	-0.390054
-0.629262	-0.320744
-0.808434	-0.203513
-0.797282	-0.150528
-0.660334	-0.150767
-0.787781	0.190748
-0.207462	0.572465
-0.138812	0.53966
-0.0797751	0.63355
0.0327275	0.499618
-0.0714471	0.184273
0.00109919	-0.0129632
-0.119054	-0.290588
0.337191	-0.341486
0.376239	-0.291321
0.102967	-0.221217
-0.213834	-0.295875
-0.268055	-0.134979
0.193562	0.261999
0.246106	0.41813
0.169107	0.218147
0.432157	0.0160334
0.434403	0.0332769
0.458747	0.0594011
0.414626	0.118444
0.507492	0.0783406
0.591145	-0.0227763
0.645029	-0.0388047
0.844152	-0.232713
0.748386	-0.337177
0.686471	-0.291084
0.57711	-0.0468352
0.399957	0.083558
0.297908	-0.0405659
0.234292	0.0114179
0.155204	0.0180521
-0.212881	0.245264
-0.222035	0.2916
-0.475481	0.307165
-0.367519	0.262196
-0.581685	0.308023
-0.89742	0.422051
-0.915872	0.510022
-0.796317	0.551435
-0.877736	0.6076
-0.811448	0.65572
-0.702624	0.710351
-0.668576	0.747713
-0.638877	0.762457
-0.527395	0.794874
-0.451387	0.84518
-0.36532	0.862848
-0.390223	0.846395
-0.432129	0.799638
-0.518767	0.735677
-0.612218	0.579142
-0.665607	0.372634
-0.592564	0.169939
-0.406864	-0.0574565
-0.254983	-0.111883
-0.197321	-0.119296
0.025194	-0.114059
0.0802939	-0.0395305
0.0679996	0.0746016
0.328114	0.0884768
0.3861	0.185504
0.207503	0.291314
0.54264	0.352566
0.693225	0.358494
0.681028	0.571286
0.621456	0.576155
0.154412	0.31471
-0.0550625	0.343146
-0.0735094	0.0474154
-0.196155	0.0663462
-0.164153	-0.0102175
-0.217555	-0.201437
-0.300904	-0.452019
-0.259854	-0.172793
-0.255297	-0.379417
-0.360359	-0.15954
-0.115202	-0.26995
-0.179088	-0.346914
-0.313524	-0.324495
-0.404264	-0.297648
-0.497061	-0.0410787
-0.396169	-0.189625
-0.270293	-0.330425
-0.505533	-0.453205
-0.708418	-0.276979
-0.663951	-0.257907
-0.602116	-0.222053
-0.591457	0.011992
-0.713534	0.378912
-0.59221	0.700242
-0.296276	0.606161
0.0566795	0.554832
0.121285	0.627041
-0.0563592	0.644941
-0.109991	0.447615
-0.360123	0.287174
-0.271076	0.0273216
-0.474099	-0.0355613
-0.630532	-0.0875209
-0.149678	-0.261879
0.270418	-0.297719
-0.195054	-0.198488
-0.575664	-0.388004
-0.346835	-0.416988
-0.393803	-0.269337
0.179367	0.325256
0.174332	0.408785
0.0367689	0.489547
-0.36279	0.381369
-0.585534	0.443826
-0.665619	0.54925
-0.616125	0.545648
-0.762136	0.56691
-0.74559	0.600042
-0.63277	0.571559
-0.391932	0.347237
-0.402509	0.075271
-0.728435	0.141187
-0.731289	0.137507
-0.783767	0.1436
-0.693727	0.0080935
-0.838192	0.0619511
-0.43123	0.121181
-0.43453	0.343266
-0.601956	0.214442
-0.417067	0.357816
-0.567716	0.474476
-0.542978	0.368872
-0.664563	0.552808
-0.614598	0.352121
-0.564459	0.357129
-0.617723	0.327485
-0.698845	0.209839
-0.481758	0.0946689
-0.84964	-0.0826429
-0.688989	-0.0470221
-0.684971	-0.104216
-0.706955	-0.187262
-0.584619	-0.330928
-0.960366	-0.232219
-0.598653	-0.260394
-0.731359	-0.275692
-0.699754	-0.428562
-0.712498	-0.158643
-0.909856	-0.201445
-0.625918	-0.276855
-0.704062	-0.2946
-0.646138	-0.306901
-0.692204	-0.0877388
-0.933188	-0.316997
-0.991847	-0.113864
-0.767596	-0.138138
-0.651853	-0.284054
-0.796986	-0.269151
-0.767968	-0.14665
-0.385544	0.154873
0.0778428	0.352374
-0.360716	0.375247
0.0173535	0.238097
-0.102606	0.24484
-0.229043	0.216429
-0.148179	0.216035
-0.568984	0.199113
-0.435145	0.0483217
-0.270763	-0.0588335
-0.15681	-0.153537
-0.239325	0.0223382
-0.110513	-0.105549
-0.142516	-0.0873501
-0.127491	-0.000690477
-0.0681841	0.0677116
-0.142434	0.0416296
-0.197665	0.101579
-0.199064	0.322664
-0.467511	0.790822
-0.23415	0.764486
-0.209816	0.743292
-0.130973	0.475852
-0.239008	0.417758
-0.0170004	0.174309
-0.0358955	0.192627
-0.11717	0.166102
-0.343691	0.17404
-0.678912	0.0322721
-0.892594	0.000553936
-0.843186	-0.300589
-0.961562	-0.255294
-0.607028	-0.116065
-0.233083	0.105508
0.0674592	0.0651984
0.0959259	0.029012
0.302834	-0.0495752
0.33174	-0.0621943
0.325211	-0.00978097
0.0310122	0.232161
-0.017022	0.389817
-0.199601	0.214777
-0.534573	-0.0899088
-0.280161	-0.14185
-0.470864	-0.277152
-0.418756	-0.136967
-0.338472	-0.141939
-0.285166	-0.32883
-0.100577	-0.417959
-0.310905	-0.381304
-0.367244	-0.167757
-0.388056	-0.173461
-0.527462	0.156893
-0.535499	-0.0141935
-0.654728	0.455434
-0.43008	0.429906
-0.422907	0.318601
-0.258819	0.106182
-0.202866	0.000668886
-0.149899	-0.0466007
-0.145626	-0.103225
-0.173149	-0.109917
-0.147151	-0.128982
-0.126119	-0.140621
-0.0767635	-0.171481
-0.073522	-0.137426
-0.0271837	-0.0992198
0.0670273	-0.156852
0.038553	-0.079596
0.0257202	-0.0689364
-0.0785049	-0.0759025
0.0354598	-0.196567
0.145519	-0.411989
0.106252	-0.442794
0.233841	-0.602486
0.226799	-0.563643
0.174801	-0.602566
0.0437086	-0.521816
0.0530172	-0.512848
0.0645649	-0.486097
0.122275	-0.223775
0.236438	0.0536645
-0.131175	0.211747
-0.186654	0.162123
0.145985	0.160881
0.198173	-0.0689702
0.193305	-0.0832089
0.0112529	0.166719
0.297517	-0.169039
0.0899786	-0.387562
0.159187	-0.561431
0.117746	-0.341522
-0.0295877	-0.398109
-0.3702	-0.222536
-0.348025	-0.373037
-0.483356	-0.415728
-0.510618	-0.5417
-0.337265	-0.108933
-0.509729	-0.107379
-0.424178	-0.0183445
0.101775	0.194752
0.0286584	0.176654
-0.0122419	0.0833083
0.0568679	-0.0478712
-0.0633801	0.0267481
-0.204718	0.177337
-0.566786	0.684584
-0.655522	0.725179
-0.624443	0.71797
-0.652811	0.708892
-0.572888	0.66898
-0.613077	0.693777
-0.623362	0.802218
-0.57038	0.898255
-0.635843	0.928379
-0.598242	0.959185
-0.47979	1.05054
-0.318209	1.08868
-0.453041	0.903299
-0.439834	0.832183
-0.335548	0.305514
-0.516515	0.198866
-0.604644	0.279196
-0.651282	0.315892
-0.642043	0.356218
-0.844173	0.444845
-0.782621	0.397344
-0.825039	0.449529
-0.958241	0.535487
-0.884057	0.632141
-0.22965	0.538099
-0.00106243	0.346475
-0.297579	0.21691
-0.290609	0.236839
-0.28954	0.152424
-0.219265	0.129164
-0.154643	-0.368582
0.224906	-0.360838
-0.0863323	-0.0495574
-0.495827	0.336463
-0.717378	0.212882
-0.400063	0.275126
-0.316316	0.19662
-0.141959	0.215509
-0.298357	0.152686
-0.0194598	-0.0857079
0.0549282	-0.154327
-0.201431	-0.0468543
-0.489793	0.110586
-0.463345	0.160703
-0.354346	0.214778
-0.228723	0.239217
0.146444	0.180243
-0.00191108	0.0577861
-0.16514	-0.13118
-0.662094	-0.0943038
-0.830599	-0.218043
-0.653232	-0.0165292
-0.299226	0.15555
-0.333378	0.143625
-0.456429	0.190943
-0.757715	0.185016
-0.707073	0.211435
-0.4794	0.148947
-0.372999	0.0919494
-0.346778	0.661238
-0.473183	0.745148
-0.57809	0.802952
-0.551419	0.832551
-0.586034	0.784314
-0.572798	0.775267
-0.328519	0.685374
-0.00120412	0.760885
0.196773	0.864774
0.197685	0.87587
0.265876	0.926646
0.269786	0.926462
0.103324	0.808476
-0.0515074	0.563733
-0.140779	0.265999
-0.191754	0.22324
-0.223531	0.244128
-0.341139	0.331259
-0.326435	0.317878
-0.455254	0.321533
-0.843858	0.607465
-0.820481	0.752237
-0.7767	0.724713
-0.859474	0.684985
-0.924523	0.669464
-0.864944	0.647768
-0.827951	0.411642
-0.666006	-0.0187842
-0.515637	-0.307766
-0.667907	-0.251904
-0.663167	-0.245955
-0.682196	-0.24167
-0.601708	-0.271949
-0.555255	-0.203474
-0.573106	0.00645001
-0.626944	0.312024
-0.537739	0.320934
-0.337095	0.307515
-0.0600033	0.201795
0.105273	0.323591
0.0065347	0.405464
-0.00188528	0.392088
-0.0992642	0.137876
-0.187825	-0.0293757
-0.265952	-0.045929
-0.407667	-0.147877
-0.654631	0.133214
-0.966371	-0.183808
-0.735343	-0.228578
-0.669734	0.195665
-1.1291	0.210398
-0.586225	0.477799
-0.45897	0.296511
-0.116722	0.165676
-0.0278005	0.292513
-0.000560624	0.356022
0.048013	0.304052
0.0760622	0.168577
0.00182998	0.137747
-0.0813601	0.190979
-0.110496	0.13043
-0.246863	0.245626
-0.39768	-0.0472298
-0.203234	-0.0805752
-0.376505	-0.140871
-0.625908	-0.135396
-0.732517	-0.177053
-0.824699	-0.213066
-0.577716	-0.106525
-0.545851	0.142014
-0.0155718	-0.066806
-0.0313215	-0.492443
0.1695	-0.561401
0.0839836	-0.53781
-0.0879487	-0.401804
-0.365464	-0.152188
-0.341302	-0.105759
-0.196711	-0.162556
0.129224	-0.137951
0.152273	0.094079
0.134477	0.0979202
0.187286	-0.0351224
-0.06121	-0.18924
0.0147931	-0.321547
-0.114584	-0.255676
-0.0302178	-0.461976
-0.10773	-0.389722
-0.256575	-0.275546
-0.0586942	-0.0894293
0.00628063	-0.43674
-0.21198	-0.0876189
-0.402645	-0.0299473
-0.516853	-0.00240677
-0.0117196	0.164003
-0.0225653	0.0758156
0.117007	-0.362831
-0.201038	-0.22335
-0.369947	-0.0528747
-0.376035	0.0785499
0.0244928	0.120951
0.367619	0.0662947
0.448348	0.176857
0.471644	0.306353
0.487469	0.309756
-0.0406424	0.195038
-0.421674	0.0398138
-0.464051	-0.154324
-0.379371	0.0984485
-0.5917	0.0842566
-0.574541	-0.0600622
-0.232739	0.065055
-0.0137931	0.541077
0.496435	0.447529
0.340513	0.556793
0.0399431	0.628453
0.0543498	0.582684
-0.194231	0.622468
-0.135893	0.573595
-0.0592483	0.505881
-0.167281	0.497594
-0.142177	0.464865
-0.0721301	0.495712
-0.0919667	0.453098
-0.0644974	0.600648
-0.0233942	0.526693
0.246194	0.181708
0.44066	-0.361106
0.210991	-0.188443
0.0402136	-0.0583401
-0.249241	0.146172
-0.285468	0.208036
-0.410295	0.339283
-0.713378	0.353572
-0.814279	0.308599
-0.812581	0.25791
-0.772156	0.186322
-0.736673	0.156619
-0.734962	0.153167
-0.729788	0.150484
-0.680594	0.164372
-0.147363	0.488281
-0.278326	0.513034
-0.334874	0.357067
-0.192905	0.38531
-0.212904	0.296946
-0.39211	0.359896
-0.428011	0.434231
-0.393696	0.255652
-0.339948	0.481875
-0.210932	0.469162
-0.245912	0.421115
-0.318859	0.225465
-0.510801	0.0460881
-0.422747	0.00132732
-0.394353	-0.122149
-0.295005	-0.228635
-0.233416	-0.373067
-0.339192	-0.188515
0.0500441	-0.246239
-0.0823562	-0.204457
-0.30245	-0.215176
-0.255127	-0.200321
-0.373013	-0.337122
-0.66452	-0.0464533
-0.714029	-0.237917
-0.76144	-0.177147
-0.718759	-0.336908
-0.862573	-0.146306
-0.849978	-0.0918033
-0.592359	-0.145329
-0.636054	-0.189284
-0.57048	-0.20013
-0.692803	-0.163673
-0.271384	-0.201723
-0.209158	-0.216509
0.193193	0.119186
0.247352	-0.00686673
0.306771	-0.188873
0.408036	-0.228844
0.274102	-0.268103
0.098026	-0.0324727
-0.273122	0.457546
-0.411656	0.433394
-0.360798	0.329396
-0.538307	0.410596
-0.44401	0.304089
-0.429725	-0.0605405
-0.396482	-0.412036
-0.624068	-0.407831
-0.481635	-0.514366
-0.675069	-0.422622
-0.833264	-0.377039
-0.645316	-0.442988
-0.405468	-0.498195
-0.253815	-0.494556
-0.176586	-0.420589
-0.236298	-0.272832
-0.119953	-0.300336
-0.098756	-0.129209
0.0547253	-0.0581262
-0.0443914	0.0435791
-0.0594791	0.135925
-0.385462	0.399301
-0.519146	0.232716
-0.515877	0.261426
-0.575604	0.193556
-0.316631	0.270779
-0.259202	0.0592909
-0.314219	0.0845353
-0.253786	0.0730693
-0.210808	0.230195
0.103851	0.107345
0.171513	-0.0413969
0.0743026	-0.248516
-0.221757	-0.0717658
-0.31604	-0.0346397
-0.392237	0.0204056
-0.270671	-0.0760728
-0.324458	-0.0912951
-0.328298	-0.0961101
-0.384354	-0.0347282
-0.496172	0.223426
-0.568666	0.554552
-0.46362	0.765787
-0.107881	0.255351
-0.223518	0.355953
-0.34797	0.520031
-0.236552	0.534047
-0.00322962	0.541632
0.0149827	0.472464
0.184628	0.378164
0.0305789	0.517774
-0.191085	0.164157
0.00558296	0.095365
-0.185486	0.0686057
-0.344654	-0.150678
-0.513774	-0.17469
-0.314878	-0.14515
-0.344529	-0.12663
-0.460261	0.247513
-0.585341	0.31461
-0.56296	0.271595
-0.659492	-0.0850746
-0.708146	-0.115912
-0.623568	-0.227
-0.966625	-0.214885
-0.824784	0.140616
-0.386682	0.447077
-0.189453	0.394284
-0.496071	0.764082
-0.507667	0.775173
-0.654882	0.709963
-0.605099	0.504137
-0.144112	0.459777
-0.464728	0.209849
-0.651406	0.177228
-0.751758	0.095512
-0.785988	-0.0537794
-0.652988	-0.154176
-0.646738	-0.176622
-0.659833	-0.162137
-0.609134	-0.113591
-0.625349	0.022489
-0.662954	0.0525207
-0.41282	-0.0168452
-0.00666067	-0.138367
0.00779212	0.0825783
-0.0192778	0.221631
-0.25583	0.393142
-0.178159	0.0794226
-0.413413	0.138555
-0.55176	0.0227417
-0.477327	0.00860775
-0.563205	-0.211787
-0.458509	-0.323133
-0.218015	-0.317283
-0.29529	-0.169227
-0.31182	-0.135412
-0.347038	-0.161955
-0.613433	-0.0720636
-0.584106	-0.0412049
-0.346521	0.0287322
-0.1022	0.158658
0.0248303	0.143619
0.0708574	0.23631
-0.23831	0.020388
-0.415384	-0.0828991
-0.421793	-0.199162
-0.608964	0.0322681
-0.653518	-0.00845242
-0.828451	-0.0656636
-0.662572	-0.0932226
-0.583963	-0.0473437
-0.645816	-0.0324911
-0.71209	-0.0646212
-0.614634	-0.0710584
-0.433949	-0.0908833
-0.520629	0.0207308
-0.789712	0.531932
-0.827497	0.518069
-0.795592	0.48483
-0.808607	0.445692
-0.649975	0.136682
-0.376895	-0.106346
-0.280835	-0.331314
-0.48807	-0.309099
-0.607132	-0.324881
-0.723092	-0.263889
-0.765188	-0.202955
-0.85103	-0.11984
-0.94118	-0.0175162
-0.780459	0.0680783
-0.475765	0.151071
-0.142995	-0.0035827
-0.35189	-0.0175134
-0.371855	-0.387449
-0.735221	-0.361208
-0.856752	-0.222743
-0.860728	0.00908761
-0.452019	0.350018
-0.305246	0.631935
-0.0622072	0.57351
-0.196997	0.833505
-0.147643	0.890547
-0.162476	0.958197
-0.224174	0.880527
0.00278184	0.536534
-0.0908308	0.481831
0.0337288	0.583568
0.12442	0.364929
-0.103645	0.315471
-0.069653	0.45292
-0.0722019	0.355987
-0.120751	0.378228
-0.120416	0.390101
-0.204125	0.485861
-0.432354	0.417411
-0.744849	0.0941861
-0.522943	0.0986552
-0.560555	0.13049
-0.820108	0.101991
-0.55758	0.00213598
-0.416918	-0.156508
-0.293354	-0.240787
-0.0593094	-0.261289
0.0691981	-0.197499
-0.0626998	0.0483037
-0.287103	0.1815
-0.788045	0.166433
-0.597902	0.0372337
-0.426945	-0.088396
-0.490771	-0.0596619
-0.36923	-0.119858
-0.515884	-0.112582
-0.533223	-0.244715
-0.882605	-0.250083
-0.595242	-0.362447
-0.253489	-0.278782
0.0642387	0.0278821
0.27021	0.0483738
0.30997	-0.0109433
0.175681	0.181627
-0.408764	0.578243
-0.452084	0.62038
-0.529537	0.640883
-0.56221	0.624333
-0.632657	0.637286
-0.533434	0.528906
-0.694402	0.668575
-0.625444	0.607977
-0.633017	0.598418
-0.672879	0.613247
-0.706174	0.659513
-0.702267	0.641755
-0.420994	0.391289
-0.366622	-0.0589044
-0.320138	-0.164575
-0.41369	-0.143361
-0.709806	0.000254228
-0.735557	-0.0381934
-0.775922	-0.00377703
-0.386463	-0.151214
-0.488143	0.0180753
-0.441363	0.151167
-0.46593	0.502391
-0.629257	0.531076
-0.808871	0.529346
-0.715691	0.420628
-0.568429	0.331829
-0.355165	0.210276
-0.287569	0.196142
-0.347623	0.19951
-0.00323575	0.000844189
0.283994	-0.0683978
0.207347	0.184018
0.442658	0.0501646
0.230208	-0.129165
0.267317	-0.357393
0.386668	-0.48091
0.139217	-0.508672
-0.167989	-0.388193
-0.0531748	-0.665324
0.151082	-0.354758
0.0087511	-0.221161
-0.442045	-0.122889
0.0704856	0.0630803
0.0806651	0.0118106
0.0247107	-0.0538186
-0.128664	-0.0780107
-0.365719	-0.102873
-0.211766	-0.226351
-0.110962	-0.0554746
-0.0428875	0.316146
-0.396507	0.482418
-0.742428	-0.0556745
-0.610748	-0.0544243
0.0281453	0.0780843
0.258599	0.273117
-0.211409	0.0492339
-0.430023	-0.0487864
-0.536563	-0.0602588
-0.566218	-0.140295
-0.583807	-0.213572
-0.737304	-0.226185
-0.958611	-0.273732
-0.985171	-0.289773
-0.976913	-0.284032
-0.974066	-0.26179
-0.957256	-0.287557
-1.05333	-0.231231
-1.03705	-0.144078
-0.595381	-0.172311
-0.684022	-0.171801
-0.283688	0.120479
-0.771755	0.241734
-0.26195	0.296504
-0.68633	0.414377
-0.273367	0.30421
-0.481008	0.44655
-0.227814	0.384766
-0.106472	0.479848
-0.216089	0.34732
-0.130776	0.343799
-0.21662	0.284045
-0.325148	0.0524924
-0.490739	-0.0595098
-0.544868	0.0685995
-0.644059	-0.219644
-1.13216	-0.567124
-0.920974	-0.349186
-0.741375	-0.199392
-0.665646	-0.278092
-0.735605	-0.235812
-0.717656	-0.251001
-0.700746	-0.31148
-0.794463	-0.213354
-0.731521	-0.140647
-0.760969	-0.342071
-0.737569	-0.269494
-0.687055	-0.225012
-0.767161	-0.483147
-0.692046	-0.167676
-0.604115	-0.319443
-0.613684	-0.208093
-0.810429	-0.113913
-0.836219	-0.277995
-0.706896	-0.445647
-0.628556	-0.35897
-0.411506	0.00948706
0.287875	0.408552
0.0935892	0.590338
-0.115013	0.755633
-0.225073	0.863141
-0.235326	0.824949
-0.417759	0.771841
-0.298061	0.884423
-0.302843	0.877536
-0.299889	0.851912
-0.29672	0.88304
-0.323815	0.846425
-0.300929	0.823588
-0.248014	0.772652
-0.255289	0.821269
-0.210889	0.812676
-0.214566	0.741647
-0.203218	0.344128
0.0771227	0.376609
0.175824	0.232716
0.372382	-0.0158777
0.499831	-0.329121
0.616574	-0.169434
0.335958	-0.0156272
-0.0362804	-0.0993353
-0.274258	-0.191672
-0.147614	-0.380338
-0.358531	-0.352553
-0.285659	-0.603188
-0.395147	-0.387354
-0.499902	-0.313053
-0.436562	-0.191864
-0.595701	0.0462039
-0.788342	0.215293
-0.751909	-0.0137802
-0.542062	-0.292916
-0.813666	-0.187308
-0.911719	-0.0661924
-0.816857	0.010526
-0.749691	0.172254
-0.549728	0.406327
-0.355864	0.604787
-0.123277	0.728239
-0.00748074	0.759337
0.0299797	0.286842
0.0257864	0.263151
0.0531764	0.332133
-0.0249475	0.320518
0.0693089	0.439698
-0.00648103	0.382704
-0.0811345	0.430221
-0.0232863	0.548033
-0.147663	0.484818
-0.407376	0.10932
-0.723783	0.205942
-0.529572	0.050337
-0.787653	0.0296054
-0.80098	-0.103691
-0.77633	-0.0866851
-0.716859	0.0537142
-0.677016	0.0712352
-0.593761	0.0523444
-0.537774	-0.0241517
-0.633826	-0.12103
-0.590398	-0.159819
-0.61175	-0.109163
-0.694094	0.0087178
-0.470802	-0.00134429
-0.250064	0.052807
-0.317471	-0.0141162
-0.38278	0.063779
-0.355243	-0.0755547
-0.224216	-0.383164
0.0428177	-0.330548
-0.283568	-0.283653
-0.247715	-0.247909
-0.400615	-0.250148
-0.151761	0.0384271
-0.0319446	0.416526
-0.366482	0.50032
-0.186768	0.170448
-0.440284	0.244464
-0.442688	0.352639
-0.310954	0.343481
-0.378695	0.463618
-0.222681	0.38328
-0.00159345	0.055408
0.0249879	-0.087726
-0.0376709	-0.0344897
-0.327125	0.531326
-0.649019	0.829149
-0.627014	0.771891
-0.735332	0.768846
-0.834392	0.727123
-0.887881	0.684429
-0.643403	0.511637
-0.294035	0.0727128
-0.607336	-0.174774
-0.44051	-0.33779
-0.501771	-0.339674
-0.524125	-0.311185
-0.535829	-0.172055
-0.265608	-0.187495
-0.0027687	0.113574
-0.0154643	-0.122507
0.0339988	-0.370894
-0.0363046	-0.47041
-0.0669371	-0.516148
-0.271295	-0.447359
-0.42148	-0.317332
-0.535088	-0.106434
-0.352026	0.105647
-0.371966	0.240141
-0.449579	0.00600356
-0.434749	0.359705
-0.352613	0.140387
-0.273259	-0.0401638
-0.435232	0.0796443
-0.446469	0.133914
-0.579439	0.142231
-0.336168	0.00521937
-0.408721	0.0184937
-0.419376	0.0123696
-0.412813	-0.0561724
-0.531604	-0.0610062
-0.732476	-0.0500992
-0.719833	-0.121342
-0.590239	-0.214358
-0.413975	-0.298659
-0.186369	-0.400913
-0.245325	-0.131329
-0.400807	0.106336
-0.816773	0.555824
-1.08792	0.490502
-0.967351	0.364243
-0.523608	0.38555
-0.0880125	0.228914
-0.264059	0.238638
-0.112609	0.0194009
-0.0681825	0.219671
-0.348553	0.319616
-0.406452	0.386244
-0.27629	0.407884
-0.306372	0.338688
-0.237791	0.435725
-0.100568	0.44203
-0.39191	0.394692
-0.183889	0.4262
-0.133574	0.700769
-0.204936	0.664943
-0.241588	0.623576
-0.253968	0.783797
-0.287851	0.795745
-0.0829778	0.714203
-0.178406	0.901317
-0.10073	0.928019
-0.0919935	0.877722
-0.00989554	0.819809
-0.13985	0.734388
-0.307071	0.721374
-0.285511	0.575922
-0.223154	0.294849
-0.455981	0.212586
-0.667551	0.323699
-0.7681	0.293801
-0.569012	0.241709
-0.746291	0.244335
-0.575338	0.50981
-0.604864	0.250716
-0.512374	0.315578
-0.523963	0.378972
-0.592233	0.220697
-0.53906	0.103728
-0.847395	0.203839
-0.742533	-0.0201793
-0.66282	-0.252161
-0.630117	-0.395663
-0.663125	-0.250941
-0.66002	-0.354278
-0.707897	-0.325309
-0.848917	-0.110351
-0.519732	-0.311385
-0.745349	-0.214977
-0.76006	-0.167149
-0.720409	-0.27438
-0.721637	-0.191012
-0.636174	-0.342993
-0.877952	-0.273987
-0.784374	-0.227363
-0.850665	-0.217987
-0.873778	-0.182995
-0.982683	-0.271575
-0.755423	-0.34298
-0.696694	-0.384165
-0.863962	-0.253248
-0.871673	-0.414038
-0.682565	-0.227838
-0.337995	0.278234
-0.486682	0.213518
-0.431596	0.244377
-0.29579	0.401527
-0.285206	0.483715
-0.349456	0.168725
-0.409906	0.395536
-0.298521	0.665047
-0.0844452	0.528001
0.20279	0.15479
0.0575081	0.16679
-0.01033	-0.0457019
-0.102893	-0.118463
-0.0760569	-0.233253
-0.379754	-0.0599569
-0.466008	-0.022278
-0.476702	0.0618126
-0.36549	0.11206
-0.0999242	0.198369
-0.279318	0.344661
-0.294832	0.248874
-0.35513	0.241364
-0.350341	0.235867
-0.551723	0.368117
-0.579219	0.474524
-0.577084	0.567668
-0.409625	0.749214
-0.0534456	0.585555
-0.0217321	0.521589
-0.108913	0.553861
0.0422136	0.515256
-0.0205363	0.489917
0.192686	0.524248
0.295932	0.415399
0.0726056	0.540332
0.203457	0.544902
-0.390238	0.86695
-0.634513	0.925605
-0.780667	0.919042
-0.948316	0.802224
-0.975477	0.607414
-0.779579	0.284705
-0.604509	0.047261
-0.484801	-0.0905658
-0.420466	-0.131654
-0.328304	-0.141257
-0.194558	-0.209266
-0.144453	-0.202236
-0.0385504	-0.21505
0.0123973	-0.224882
0.0869009	-0.191092
0.047309	-0.0625234
-0.151862	0.155701
-0.218222	0.0608256
-0.325362	-0.189914
-0.297701	0.00821727
-0.146096	0.268166
0.0329037	-0.238098
0.0587621	-0.205653
-0.0469395	-0.148339
-0.124804	-0.0512639
-0.140701	0.0265715
-0.124873	0.117693
-0.20734	0.307273
-0.388881	0.604168
-0.524872	0.687351
-0.31113	0.641745
-0.222036	0.741698
-0.0318598	0.701945
-0.0344092	0.717122
-0.0305406	0.714109
0.0668522	0.467891
0.0254515	0.210713
-0.353865	0.266446
-0.412125	-0.0674542
-1.07002	-0.0573152
-0.790212	-0.0507233
-0.422452	0.239763
-0.584971	0.310409
-0.405223	0.201537
-0.242505	0.170939
-0.342055	0.0423831
-0.376824	-0.0562586
-0.346663	0.079935
-0.254524	0.541639
-0.353091	0.469992
-0.529403	0.425853
-0.644095	0.41027
-0.773885	0.428605
-0.745661	0.428519
-0.799933	0.459593
-0.76414	0.349361
-0.46295	-0.164597
-0.405639	-0.311192
-0.463487	-0.308035
-0.596193	-0.101572
-0.474797	-0.102109
-0.370472	-0.00107501
-0.286134	0.134083
-0.265074	0.350693
-0.170553	0.478461
-0.132385	0.693517
-0.299846	0.884546
-0.195547	0.921583
-0.142695	0.938538
-0.127868	0.922662
-0.107917	0.901885
-0.116406	0.896814
-0.151293	0.867723
-0.192287	0.830327
-0.239014	0.776625
-0.455414	0.75417
-0.70568	0.627363
-0.751382	0.451687
-0.77594	0.221324
-0.841046	0.0939392
-0.800123	-0.0688857
-0.674215	-0.223704
-0.655405	0.0573242
-0.532286	0.282665
-0.259164	0.231336
-0.103813	0.331317
-0.205375	0.451928
-0.154392	0.579818
-0.275874	0.55612
-0.0473937	0.495599
-0.149373	0.490032
-0.199317	0.346624
-0.272716	0.184607
-0.506839	0.20002
-0.630042	0.00872584
-0.686608	-0.163484
-0.613446	-0.225107
-0.754354	-0.294853
-0.615332	0.0118205
-0.366259	0.209452
-0.337591	-0.269399
-0.377648	-0.282133
-0.68188	-0.195611
-0.857403	-0.1649
-0.700846	-0.177073
-0.801467	-0.0732449
-0.856805	0.00541507
-0.616667	0.0470292
-0.252045	-0.133496
-0.529744	-0.215317
-0.405141	-0.356463
-0.415677	-0.191435
-0.535268	-0.0734386
-0.601299	-0.114395
-0.451401	-0.129705
0.308459	-0.528016
0.418515	-0.730874
0.191018	-0.408402
-0.401831	0.0475582
-0.572209	0.379439
-0.457614	0.346269
-0.705825	0.0498486
-0.580884	0.0115152
-0.433715	-0.0823994
-0.629164	-0.269852
-0.898062	-0.283835
-0.550062	-0.27981
-0.53146	-0.318952
-0.0304215	0.0765803
0.182436	0.439539
0.211203	0.527533
0.162291	0.488043
0.103625	0.507896
0.161357	0.490511
0.17202	0.419336
0.4046	0.171389
0.069941	-0.0915255
-0.0766569	-0.170958
0.132443	-0.452961
0.010791	-0.322482
0.0375043	-0.222253
-0.107219	-0.231406
-0.15331	-0.198285
-0.188019	-0.0356251
-0.396363	0.17275
-0.367909	0.570017
-0.31585	0.535549
-0.228227	0.634663
-0.274906	0.701689
-0.287639	0.723862
-0.438021	0.782536
-0.488358	0.55466
-0.617956	0.616194
-0.685777	0.448091
-0.657122	0.319936
-0.0089594	0.244574
-0.0532283	0.281301
0.0288634	0.134817
0.140391	0.133127
0.127376	0.109394
-0.00483305	0.363892
0.0234069	0.26978
-0.158108	0.436631
-0.302682	0.142146
-0.477237	0.186612
-1.02453	0.434949
-0.827036	0.441351
-0.722228	0.412233
-0.578363	0.381123
-0.391937	0.326905
-0.264708	0.318066
-0.14568	0.438794
-0.146798	0.0708142
-0.287144	-0.115367
-0.362587	-0.243359
-0.184746	-0.00423111
-0.218959	-0.197377
-0.139997	-0.294972
-0.249431	0.0116588
-0.223306	-0.0708334
-0.207181	-0.000279337
-0.127782	0.0454801
-0.136943	0.0490341
-0.201009	0.134627
-0.203974	0.185361
-0.339235	0.210271
-0.0842227	-0.13435
-0.267624	-0.36943
-0.255997	-0.331769
-0.173238	-0.435007
-0.402028	-0.251863
0.0784257	-0.387764
0.00540413	-0.374096
-0.114372	-0.276232
0.0425897	-0.262626
-0.0112443	-0.220431
0.0718292	-0.182094
0.102258	-0.446513
0.209891	-0.24315
0.173001	-0.362975
0.0421329	-0.444234
0.0937986	-0.515106
0.0274007	-0.410625
-0.209262	-0.482392
-0.385042	-0.384146
-0.451844	-0.45582
-0.717304	-0.149626
-0.60052	-0.196305
-0.624011	-0.172273
-0.635289	-0.376254
-0.763595	-0.0142023
-0.635717	-0.107408
-0.766751	0.0698442
-0.748052	-0.205241
-0.718248	-0.161502
-0.77161	-0.189573
-0.800826	-0.274948
-1.03097	-0.333925
-0.876967	-0.53889
-0.870536	-0.528717
-0.846362	-0.333107
-1.00946	-0.400846
-0.920088	-0.216441
-1.05751	-0.336209
-1.06781	-0.445559
-0.9298	-0.186639
-1.01298	-0.375483
-0.912586	-0.374417
-0.898312	-0.212472
-1.00983	-0.235858
-0.7938	-0.00354263
-1.06418	-0.364727
-0.930974	-0.273916
-0.305762	-0.10438
-0.615903	-0.0143663
-0.00889395	0.296437
-0.115888	0.478524
-0.200172	0.287506
-0.223959	0.0781617
-0.447359	-0.0944498
0.531132	0.83278
0.502188	0.835195
0.387245	0.947729
0.508161	0.913362
0.27726	0.905631
0.376549	0.921514
0.395983	0.953359
0.388927	0.839265
0.309865	0.828899
0.463953	0.83838
-0.184237	0.545729
-0.163542	0.202516
-0.467262	-0.0216346
-0.591482	0.0889607
-0.494603	-0.0416212
-0.430481	-0.0203413
-0.767491	0.261763
-0.439479	0.242537
0.227467	0.687232
-0.254766	0.934593
-0.306786	0.749114
-0.325548	0.536788
-0.50123	0.540686
-0.554838	0.404187
-0.770164	0.494009
-0.849795	0.54328
-0.871918	0.663328
-0.706132	0.766654
-0.520469	0.855708
-0.247702	0.960522
0.0596788	0.98893
0.29323	0.86248
-0.0918041	0.74871
-0.220963	0.57764
-0.174174	0.674224
-0.0798194	0.745015
-0.118792	0.755751
0.0328802	0.785545
0.0662058	0.850053
-0.023858	0.827512
-0.25721	0.597547
-0.39488	0.390411
-0.557878	0.327466
-0.432541	0.0770056
-0.59676	0.168891
-0.403187	0.0344133
-0.369475	-0.0466711
-0.312517	-0.0857231
-0.148711	-0.0270937
-0.270733	0.265507
-0.448303	0.53896
-0.227382	0.455493
0.0242193	0.224586
-0.350384	0.124777
-0.438433	-0.0681179
-0.454589	-0.122656
-0.526754	-0.0889856
-0.629091	-0.095814
-0.534205	0.0653799
-0.583927	0.00395536
-0.697095	-0.00218468
-0.557685	0.111176
-0.442393	0.0260674
-0.4611	-0.043492
-0.556263	-0.143931
-0.734952	-0.0507719
-0.763729	0.00435745
-0.547702	0.0615052
-0.273672	0.045733
-0.234476	0.3333
-0.402867	0.604909
-0.352267	0.608301
-0.398908	0.599269
-0.6785	0.605994
-0.785611	0.56853
-0.724562	0.533829
-0.782042	0.598721
-0.944673	0.534834
-0.939266	0.520028
-0.896488	0.504666
-0.517112	0.23696
-0.635207	0.0677043
-0.733668	0.364869
-0.701208	0.598628
-0.56682	0.758431
-0.44164	0.811805
-0.38107	0.711862
-0.302539	0.625834
-0.308542	0.556363
-0.00791422	0.429264
0.114779	0.302847
0.220227	0.375301
0.290101	0.239977
0.272647	0.217438
0.438447	0.177511
0.285621	-0.0717538
0.0795406	-0.216098
-0.132736	-0.377147
-0.169227	-0.293798
-0.016104	-0.0779275
0.139503	0.249516
-0.0497646	-0.0735053
-0.0180538	-0.17442
-0.0736344	-0.245364
-0.27328	-0.0891657
-0.465556	0.0793754
-0.613453	0.295865
-0.595314	0.443584
-0.615989	0.490534
-0.64407	0.462014
-0.708917	0.384652
-0.748886	0.326736
-0.821627	0.283614
-0.851527	0.199704
-0.889746	0.12302
-0.993105	0.0286851
-0.955928	0.0100234
-0.43106	-0.00887882
-0.144376	0.0648907
0.136149	0.230795
1.51062e-05	-0.0520948
0.183702	-0.34791
0.221843	-0.508845
0.0432339	-0.351872
-0.351112	-0.57769
-0.372243	-0.552679
-0.564259	-0.188967
-0.531182	-0.102014
-0.347237	-0.509081
-0.459369	-0.317443
-0.237826	-0.169292
-0.0872732	-0.419486
-0.343961	-0.531788
-0.4936	-0.267947
-0.549119	-0.00508155
-0.805012	0.374379
-0.859157	0.397922
-0.825422	0.449916
-0.722304	0.381837
-0.668139	0.395036
-0.446166	0.415012
-0.143308	0.30735
-0.0103169	0.308417
-0.0214981	0.286632
-0.292601	0.31365
-0.186838	-0.0176027
-0.620504	-0.0206505
-0.744488	-0.0804734
-0.848083	-0.120492
-0.376783	-0.134526
-0.325816	-0.106754
-0.798136	0.322089
-0.470434	0.211099
-0.380159	0.554116
-0.514125	0.265418
-0.517911	0.230451
-0.52834	0.188884
-0.683758	0.215934
-0.770585	0.248879
-0.829446	0.287798
-0.802721	0.38078
-0.708761	0.401085
-0.705665	0.339116
-0.743096	0.379694
-0.661911	0.370714
-0.630944	0.247582
-0.513768	0.139413
-0.251973	0.197232
-0.232429	0.230033
-0.329658	0.166751
-0.261468	0.240456
-0.266769	0.185142
-0.391179	0.280153
-0.310738	0.459248
-0.189434	0.833172
0.345462	0.829571
0.414847	0.859304
0.26372	0.796181
0.278844	0.586192
0.294663	0.796011
0.280445	0.812225
0.227148	0.431897
0.150626	0.546111
0.291395	0.107025
0.141137	0.0400597
0.0403425	0.113372
0.220092	-0.029435
0.298842	-0.156099
0.285794	-0.136341
0.120852	-0.0539818
-0.0547786	-0.045451
-0.319011	-0.0600017
-0.206902	-0.290092
-0.0898817	-0.0518825
-0.0804469	-0.143316
0.103327	-0.213774
0.158993	-0.205759
0.0733494	-0.273063
-0.0573092	-0.029091
-0.250631	-0.0804642
-0.107957	-0.16054
-0.496496	-0.163753
-0.212354	-0.120339
-0.453547	-0.130322
-0.410942	-0.17323
-0.725235	-0.223058
-0.620026	-0.299407
-0.667348	-0.197914
-0.469467	-0.0554736
-0.509439	0.0671678
-0.691253	-0.246519
-0.809773	-0.271537
-0.614684	-0.117809
-0.687892	-0.201482
-0.608678	-0.23716
-0.827381	-0.233448
-0.764155	-0.284474
-0.734156	-0.397775
-0.903922	-0.475185
-0.900451	-0.421831
-0.707084	-0.309208
-0.443063	-0.346744
-0.337245	-0.429907
-0.325044	-0.394217
-0.25532	-0.221887
-0.400032	-0.408416
-0.467417	-0.121783
-0.48963	-0.107728
-0.336888	-0.0106775
-0.322273	0.199924
-0.299456	0.76253
-0.400296	0.791325
-0.512395	0.869842
-0.432457	0.869038
-0.356978	0.884168
-0.402021	0.962331
-0.0645006	0.817182
0.0770333	0.556611
-0.0139456	0.630464
-0.0863021	0.131064
-0.236125	0.0512408
-0.300043	-0.0895959
-0.275475	-0.220285
-0.399836	-0.0680334
-0.277231	-0.104545
-0.510237	-0.313367
-0.811332	-0.257115
-0.452545	-0.0375261
-0.523885	0.178902
-0.548749	0.0834665
-0.736238	-0.0261411
-0.899837	-0.146163
-1.00869	-0.172673
-0.855142	-0.301954
-0.902729	-0.300274
-0.880682	-0.306575
-0.899976	-0.323359
-1.01138	-0.276652
-1.07878	-0.246933
-1.13186	-0.206458
-1.12151	-0.179817
-1.11081	-0.121548
-1.05809	-0.0591146
-0.951285	0.0148972
-0.834211	0.0716612
-0.692809	0.100874
-0.624815	0.150069
-0.625548	0.403871
-0.431551	0.398148
-0.250523	0.305058
-0.203802	0.217982
-0.248663	0.29263
-0.0791337	0.344034
0.159864	0.138904
0.171418	0.332957
-0.0958348	0.325433
-0.275345	0.334926
-0.106601	-0.164117
0.0578968	-0.32518
0.126254	-0.14675
0.0573395	-0.294529
0.136913	-0.256808
-0.0797322	-0.123886
-0.35312	0.0648498
-0.287234	0.12857
-0.609775	-0.0841348
-0.460362	0.055965
-0.372875	0.276203
-0.361199	0.0859083
-0.572046	-0.32431
-0.533457	-0.318744
-0.673436	-0.276029
-0.620169	-0.267482
-1.00326	-0.130948
-0.82599	-0.337265
-0.698189	-0.339135
-0.77394	-0.256249
-0.537523	-0.00523123
-0.698811	0.0770892
0.0691699	0.0935541
-0.0780621	0.333979
-0.185792	0.51954
-0.0538202	0.389765
-0.0741874	0.392173
-0.449483	0.619576
-0.621429	0.722849
-0.524826	0.746231
-0.526158	0.712213
-0.494008	0.673597
-0.509488	0.688549
-0.399294	0.590002
-0.419968	0.491404
-0.499812	0.505234
-0.500541	0.420476
-0.725001	0.523161
-0.622951	0.503852
-0.749948	0.505665
-0.87926	0.51434
-0.80177	0.479959
-0.608284	0.100974
-0.598652	0.0135452
-0.658097	0.155303
-0.689017	0.232405
-0.665943	0.281636
-0.703412	0.338342
-0.700022	0.400061
-0.659818	0.399289
-0.704037	0.425709
-0.711326	0.425708
-0.684139	0.422691
-0.762952	0.427796
-0.747732	0.417919
-0.67327	0.348153
-0.332398	0.186213
-0.0633468	0.235512
-0.181177	0.588
0.0705701	0.295113
0.126704	0.00823112
-0.139668	-0.0870623
-0.235543	-0.0839334
-0.298111	-0.0979412
-0.225562	-0.294455
-0.294142	-0.329467
-0.2667	-0.233158
-0.269828	-0.307641
-0.362755	-0.454353
-0.499111	-0.157449
-0.250732	-0.0414126
0.065222	0.0253789
-0.581821	-0.165721
-0.985287	-0.0987197
-0.652003	-0.178463
-0.810185	-0.152941
-0.684617	-0.259373
-0.666757	-0.233361
-0.623882	-0.322775
-0.754059	-0.318172
-0.839829	-0.300149
-0.749361	0.4242
-0.79985	0.907835
-0.801181	0.219089
-0.416081	0.378935
-0.178283	0.417348
-0.477859	0.332496
-0.255597	0.163038
0.131018	0.209322
0.427501	0.24258
0.263759	0.290836
0.103129	0.183101
0.109391	0.295955
0.332621	0.197249
0.405503	0.201854
0.560761	0.286077
0.429553	0.288298
0.357033	0.322758
0.0481669	0.277892
-0.230991	0.40866
-0.376394	0.588989
-0.332836	0.704051
-0.287778	0.758685
-0.27091	0.650372
-0.14086	0.448293
-0.0521346	0.523961
0.00229982	0.35438
0.0448523	0.197346
-0.0802766	0.411732
-0.0851087	0.208897
-0.209622	0.323499
-0.0827417	0.20315
-0.104686	0.332808
-0.0768128	0.41503
-0.360223	0.311188
-0.58346	0.159114
-0.527573	0.320601
-0.276865	0.707059
-0.204716	0.833534
-0.207894	0.905137
-0.171992	0.9461
-0.048466	0.959159
-0.0421952	0.993607
-0.0976379	1.00659
-0.0686419	1.00694
0.0028471	1.00016
0.000837761	1.02784
-0.0115465	1.00549
-0.0809749	0.976559
-0.144769	0.924611
-0.245947	0.852813
-0.364806	0.779369
-0.469648	0.690561
-0.547604	0.576104
-0.512103	0.432093
-0.513043	0.284128
-0.607657	0.211085
-0.709637	0.104898
-0.411476	0.132745
-0.519888	0.0658643
-0.488506	0.06645
-0.539226	-0.0496692
-0.502346	0.0500335
-0.343347	0.142467
-0.397925	0.0723875
-0.237682	0.122423
-0.377757	-0.169589
-0.577393	0.063462
-0.704152	-0.248855
-0.573115	-0.372301
-0.548235	-0.291009
-0.358605	-0.315836
-0.390977	-0.298475
-0.428572	-0.275062
-0.386616	-0.369039
-0.308485	-0.0710763
-0.0577394	-0.00668673
-0.137145	-0.367138
-0.125145	-0.495082
-0.132821	-0.734081
-0.372535	-0.669321
-0.500727	-0.568646
-0.617602	-0.324522
-0.535725	-0.229344
-0.621346	-0.287152
-0.62799	-0.406126
-0.62927	-0.315785
-0.617719	-0.299888
-0.67296	-0.178213
-0.794169	-0.205383
-0.778195	-0.182434
-1.05632	-0.213904
-1.06321	-0.0118065
-0.733309	-0.133151
-0.890864	-0.0894014
-0.868558	-0.152743
-0.786426	-0.0186808
-0.86438	0.117533
-0.916342	0.0150155
-0.530015	0.386879
-0.552732	0.333851
-0.56601	0.316045
-0.46322	0.33261
-0.497223	0.471251
-0.466039	0.579596
-0.473861	0.662575
-0.486494	0.750453
-0.36369	0.723504
-0.307351	0.688211
-0.417416	0.69164
-0.542838	0.629736
-0.615753	0.566735
-0.713155	0.47664
-0.757396	0.402907
-0.783447	0.284078
-0.655008	0.119392
-0.602567	0.190559
-0.73599	0.518957
-0.516539	0.54329
-0.512591	0.608054
-0.470312	0.641049
-0.287129	0.547819
-0.30535	0.640466
-0.168914	0.127433
-0.505807	-0.085243
-0.704153	-0.12875
-0.868464	-0.119491
-0.809762	-0.179181
-0.599655	-0.0614582
-0.664412	-0.0609848
-0.841613	-0.0741907
-0.877059	-0.139872
-0.895658	-0.185953
-0.87507	-0.22037
-0.839545	-0.249546
-0.85293	-0.268025
-0.811022	-0.236806
-0.82939	0.274267
-0.635524	0.456855
-0.334083	0.359738
-0.210228	0.474072
-0.0471126	0.475692
0.0296666	0.530464
-0.19896	0.551199
0.0573974	0.20688
-0.204293	-0.0517191
-0.0115808	-0.222644
-0.326678	0.0226093
-0.467307	0.104473
-0.210654	-0.130804
-0.366053	-0.113099
-0.313898	-0.0620782
-0.594326	-0.0560641
-0.677479	0.103705
-0.539605	0.0566574
-0.631517	-0.0598011
-0.526154	-0.228794
-0.690959	-0.132133
-0.71567	-0.155544
-0.657138	-0.195775
-0.574255	-0.22644
-0.545957	-0.209031
-0.480375	-0.202023
-0.32364	-0.202207
-0.226323	-0.0885155
-0.0796407	-0.112797
-0.277639	-0.145891
-0.421106	-0.0692017
-0.407096	-0.400663
-0.551623	-0.273344
-0.401965	-0.397289
-0.373143	0.00301645
-0.17548	-0.0893002
-0.1548	-0.258517
-0.380912	-0.184016
-0.449194	-0.242137
-0.435006	-0.163408
-0.545394	-0.0728502
-0.545349	-0.0400234
-0.527658	0.118958
-0.243579	0.117531
0.0949927	0.0295428
-0.0163533	0.0239816
-0.188944	0.186828
0.115787	-0.0151302
0.0421208	-0.110035
0.446039	-0.230251
0.440596	0.140983
0.39125	0.182036
0.346004	0.181757
0.17156	0.106179
-0.198422	0.247471
-0.258546	0.177881
-0.212376	0.0699725
-0.237676	0.0967107
-0.519002	0.249674
-0.8256	0.333481
-0.732359	0.378902
-0.908653	0.528612
-0.858696	0.480797
-0.663114	0.281111
-0.483019	0.0293672
-0.296279	-0.184514
-0.501755	-0.213612
-0.465921	-0.167539
-0.593472	-0.134158
-0.498638	-0.0396265
-0.726101	0.714976
-0.679449	0.709895
-0.594068	0.768497
-0.51565	0.736352
-0.207903	0.810453
0.044565	0.499913
-0.0267712	0.178608
-0.377817	0.112094
-0.292029	-0.216535
-0.545123	-0.0607889
-0.494978	-0.0364091
-0.21707	-0.157013
0.148839	0.00933401
-0.0188913	0.0745106
0.110794	-0.0425233
0.0246155	0.0919479
0.156647	0.0853483
0.241514	0.105873
0.325412	-0.00879467
-0.121062	0.225252
-0.425121	0.198984
-0.498306	-0.0199486
-0.527081	0.0575238
-0.551659	-0.160979
-0.757923	-0.232411
-0.761067	-0.0440887
0.0421265	-0.0405462
-0.245335	0.0405498
-0.227046	-0.100415
-0.282337	-0.19212
-0.154708	-0.307397
-0.202048	-0.0636539
-0.487527	0.144882
-0.512216	0.186075
-0.485454	0.199056
-0.455689	0.213011
-0.501042	0.22328
-0.467697	0.271785
-0.52148	0.31577
-0.417497	0.278379
-0.293856	0.233802
-0.23281	0.202812
-0.228012	0.176619
-0.12907	0.0129995
-0.0896417	0.424437
-0.206188	0.556569
-0.248796	0.777619
-0.377151	0.933192
-0.396193	0.790116
-0.0542354	1.03051
-0.0764152	1.1075
-0.107698	1.10978
-0.211356	1.16199
0.0581688	1.02242
-0.0311037	0.969208
-0.0790717	1.06824
-0.199755	1.09289
-0.301038	1.12416
-0.300418	1.01194
-0.309706	0.89397
-0.487501	0.663601
-0.269225	0.737025
-0.378062	0.395065
-0.297775	0.0656504
-0.442936	-0.0833174
-0.436137	-0.110047
-0.497123	-0.198973
-0.38472	-0.292678
-0.325897	-0.31681
-0.47273	-0.393888
-0.469672	-0.2598
-0.551814	-0.386673
-0.669665	-0.268713
-0.554145	-0.22263
-0.778005	-0.480563
-0.707501	-0.473253
-0.680456	-0.413121
-0.795056	-0.40424
-0.867751	-0.11375
-0.757009	-0.404567
-0.760436	-0.411619
-0.825595	-0.36821
-0.802642	-0.288154
-0.834875	-0.147489
-0.938294	-0.399749
-0.846659	-0.313541
-0.709356	-0.331701
-0.780663	-0.141855
-1.11587	-0.107147
-0.844927	-0.336335
-0.70614	-0.390024
-0.800119	-0.357973
-0.700123	-0.334712
-0.613746	-0.226478
-0.682957	-0.235538
-0.76275	-0.182175
-0.752569	-0.290286
-0.517343	-0.210786
-0.852552	-0.132699
-0.611726	-0.0817946
-0.23324	0.08675
0.0738964	0.226613
-0.270028	0.180809
-0.537162	0.309255
-0.642245	0.288336
-0.347021	0.318044
-0.50231	0.041358
-0.785684	0.00265818
-0.664654	-0.0480861
-0.515858	-0.102143
-0.38769	-0.166754
-0.354873	-0.0514238
-0.151804	-0.0547632
-0.08578	0.251271
0.216186	0.27822
0.0741859	-0.0770647
0.222746	-0.31283
0.0144182	-0.570679
-0.280131	-0.497898
-0.167786	-0.51014
-0.367819	-0.311666
-0.258641	-0.345348
-0.109717	-0.0738195
-0.240762	-0.0660186
-0.242677	-0.190526
-0.290189	-0.157961
-0.521861	-0.070021
-0.693246	-0.107094
-0.69992	-0.113939
-0.347839	-0.150959
-0.304941	0.0674782
-0.194274	0.147377
-0.155594	0.106791
0.0337918	-0.0424892
0.137665	-0.0786488
-0.0124221	0.0961773
-0.0580083	0.0484138
-0.213336	0.0743239
-0.734651	0.185023
-0.621887	0.0791078
-0.20928	0.285134
-0.286774	0.0852709
-0.0881514	-0.258766
-0.167674	-0.240701
-0.200906	-0.269505
-0.178389	-0.260848
-0.29332	-0.192766
-0.260246	-0.179997
-0.396012	-0.130682
-0.32713	-0.243768
-0.287941	-0.333539
-0.243625	-0.384786
-0.412797	-0.430646
-0.412821	-0.5594
-0.509383	-0.421276
-0.565044	-0.388601
-0.901215	-0.157553
-0.776816	-0.0141024
-0.711705	0.0506276
-0.579195	0.133026
-0.391173	0.243443
0.133923	0.0600063
0.288574	0.0334409
-0.0281048	0.013593
0.0392258	-0.149924
-0.132379	-0.329567
-0.421346	-0.471797
-0.512881	-0.422086
-0.428794	-0.179926
-0.373228	-0.140316
-0.0805975	0.146563
0.134198	-0.0196919
0.0998943	0.168368
0.042983	0.167058
-0.193442	0.137819
-0.264058	-0.0328488
0.0962954	0.0253973
0.190816	0.234992
0.217645	0.142664
0.392996	-0.0717079
0.0165144	-0.0369988
-0.553505	0.0411546
-0.46347	0.150601
-0.360067	0.0309571
-0.342909	-0.351758
-0.698075	-0.147649
-0.593497	-0.204924
-0.385288	-0.256436
-0.74831	-0.0455234
-0.423661	0.212669
-0.585186	0.16183
-0.503639	0.125531
-0.595679	0.184828
-0.599297	0.237079
-0.618265	0.322399
-0.669597	0.495508
-0.444162	0.507601
-0.345879	0.598903
-0.254662	0.536218
-0.373242	0.327972
-0.284763	0.425583
-0.35547	0.292213
-0.437152	0.0947883
-0.59835	-0.0865281
-0.203053	-0.171239
-0.280205	-0.203025
-0.201842	-0.105774
0.0882219	-0.00567123
-0.356954	0.2806
-0.114244	0.0966149
-0.153349	0.167722
-0.132347	0.0933997
-0.263174	0.0683123
-0.350944	0.0456775
-0.28284	-0.0738387
-0.217124	-0.133286
-0.1169	-0.145781
-0.0267555	-0.106803
0.00545149	0.118966
-0.054406	0.0746493
-0.0833406	0.168512
-0.475472	-0.248425
-0.433448	-0.18913
-0.291194	-0.0854523
-0.670124	-0.114277
-0.674572	-0.0322718
-0.420148	0.315165
-0.125317	-0.00396005
-0.812084	0.220602
-1.04786	0.289919
-0.27451	0.571955
-0.900959	0.421539
-0.801681	0.254556
-0.835444	0.241431
-0.688565	0.242998
-0.841666	0.310817
-0.845796	0.33595
-0.934883	0.327454
-0.992816	0.249877
-0.969233	0.249134
-0.985585	0.251998
-0.896199	0.223961
-0.843836	0.170486
-0.731796	0.292989
-0.727501	0.400776
-0.629931	0.416499
-0.565427	0.397986
-0.581478	0.290595
-0.537392	0.217892
-0.578433	0.362506
-0.487511	0.674865
-0.29415	0.995938
-0.153017	1.13262
-0.0800815	1.04586
-0.0204474	0.955343
0.0181111	0.936034
0.0280372	0.996414
-0.00752268	1.0142
0.00750029	0.840762
0.0810512	0.572754
-0.104746	0.378455
0.075894	0.0512423
-0.0675737	-0.131221
-0.0497504	-0.224166
-0.0577808	-0.281274
-0.00334402	-0.552276
0.194039	-0.491502
0.271282	-0.229656
-0.186699	-0.225831
-0.146357	-0.365352
-0.169234	-0.310817
-0.120835	-0.254112
-0.0421809	-0.282059
-0.289511	0.022824
-0.20614	0.0749421
-0.260133	-0.23821
-0.0908178	-0.509944
-0.219166	-0.271143
-0.335904	-0.451589
-0.314209	-0.255347
-0.325988	-0.628156
-0.626933	-0.515292
-0.485236	-0.334524
-0.750594	-0.404379
-0.665944	-0.326638
-0.69186	-0.3418
-0.799551	-0.256711
-0.984048	-0.283572
-0.427172	-0.0618581
-0.738146	0.0349579
-0.787546	0.0385035
-0.718357	0.203065
-0.604463	0.363499
-0.628402	0.401143
-0.537289	0.434847
-0.388377	0.439633
-0.128331	0.465647
0.15037	0.247685
-0.130217	0.341042
-1.06316	-0.070957
-0.6979	0.123866
-0.489762	-0.142831
-0.044859	-0.0846431
0.146786	-0.175033
-0.205086	-0.270365
-0.46183	-0.191882
-0.601119	-0.14132
-0.382767	-0.199055
-0.596982	-0.0709303
-0.590934	0.031728
-0.420268	-0.00598168
-0.451716	-0.0290215
-0.526755	0.305127
-0.73852	0.644934
-0.705554	0.624013
-0.663298	0.640917
-0.706393	0.634323
-0.628314	0.465335
-0.4868	0.210175
-0.127798	-0.231981
-0.157183	-0.277315
-0.0653498	-0.25721
0.00592158	-0.198562
0.111701	-0.146419
0.188364	-0.0753841
0.321548	-0.0870021
0.407432	-0.0929138
0.42564	0.0627686
0.452154	0.164236
0.42494	0.212825
0.450996	0.172901
0.434553	0.121651
0.392767	0.0901096
0.432355	0.100016
0.318696	0.127525
0.299543	0.0848959
0.164435	0.112175
0.0908824	0.0339203
0.115522	-0.117134
0.0467624	-0.257112
-0.0593332	-0.345799
-0.167974	-0.313108
-0.24615	-0.35729
-0.295329	-0.347535
-0.245487	-0.390913
-0.485719	-0.178717
-0.562301	0.426337
-0.678724	0.522504
-0.633573	0.550783
-0.687565	0.569191
-0.636183	0.614562
-0.596056	0.601215
-0.36309	0.623001
-0.236695	0.705059
-0.116628	0.62343
0.0593466	0.420434
-0.362076	0.318794
-0.710686	0.0667585
-0.219554	-0.00893972
-0.527306	0.150146
-0.234561	0.00507739
-0.00993062	0.256899
-0.059288	0.655004
0.196963	0.790634
-0.167383	0.154146
-0.524206	0.127666
-0.642721	0.0620963
-0.569573	-0.0360682
-0.679538	-0.0948899
-0.736061	-0.14461
-0.627838	-0.174069
-0.502859	-0.175156
-0.845161	0.489361
-0.715361	0.42887
-0.829616	0.461738
-0.845871	0.470802
-0.879902	0.333448
-0.438878	-0.359337
-0.768224	-0.467778
-0.87443	-0.32976
-0.74181	-0.202934
-0.490186	-0.200918
-0.344181	-0.0745431
-0.152867	0.203893
-0.0921792	0.285416
-0.174175	0.20932
-0.232666	0.0458019
-0.365337	0.0502273
-1.04285	0.0446386
-1.02269	0.0534397
-0.571129	0.208291
-0.447984	0.464236
-0.506058	0.30889
-0.433616	-0.0170772
-0.846054	0.308903
-0.894916	0.275508
-0.351076	0.0888192
-0.118056	0.313945
-0.112866	0.205162
-0.195189	0.288391
0.0315801	0.239755
0.186232	0.17275
0.134298	0.370259
0.132306	0.351017
-0.00389726	0.306511
0.154994	0.209753
-0.13742	0.107842
-0.0230979	0.135312
0.0091847	0.03124
0.204616	0.668933
0.0754922	0.847813
-0.205007	0.777373
-0.531247	0.492047
-0.854996	0.308505
-0.822843	0.12695
-0.721301	0.0415168
-0.173093	0.112579
-0.14186	0.140963
-0.101024	0.173129
0.00331522	-0.027531
-0.0837451	-0.0351191
0.153235	0.00124748
0.143853	0.0950881
0.253573	-0.169691
0.126665	0.083787
0.0984244	0.167859
0.1213	-0.0413351
-0.102035	-0.0276479
-0.372201	-0.0331583
-0.443274	-0.106819
-0.752896	-0.170462
-0.688837	-0.103993
-0.6357	-0.228688
-0.714378	-0.249931
-0.789225	-0.257816
-0.610575	-0.323779
-0.69544	-0.373841
-0.376831	-0.521721
-0.330565	-0.426225
-0.345692	-0.417972
-0.403677	-0.32688
-0.491574	-0.223626
-0.65054	-0.178759
-0.7245	-0.1513
-0.668474	-0.328157
-0.826679	-0.25384
-0.747932	-0.297348
-0.775007	-0.28809
-0.64012	-0.195139
-0.652481	-0.371351
-0.780295	-0.106128
-0.837467	-0.257739
-0.747389	-0.221298
-0.95659	-0.274044
-0.874284	-0.239704
-0.694248	-0.370361
-0.819516	-0.231114
-0.860231	-0.323752
-0.688156	-0.283118
-0.649139	-0.27751
-0.57056	-0.0688377
-0.369624	0.0478643
-0.432958	-0.0266495
-0.592662	-0.169725
-0.848896	-0.139982
-0.886848	-0.211361
-0.799122	-0.29544
-0.763494	-0.290081
-0.5611	-0.347632
-0.422589	-0.309523
-0.26437	-0.220675
-0.0409966	-0.112993
0.131463	-0.00142244
0.24789	0.0904903
0.279065	0.168489
0.415939	0.152066
0.41796	0.152433
0.475526	0.139272
0.383167	0.141351
0.40666	0.160173
0.405897	0.0583726
0.344176	0.0374149
0.221562	0.0311548
0.0446054	0.0528821
-0.151665	0.0981723
-0.346491	0.243833
-0.406158	0.439669
-0.405671	0.623266
-0.367981	0.733259
-0.331371	0.774476
-0.350111	0.800719
-0.362224	0.713756
-0.453212	0.612414
-0.583413	0.5186
-0.755853	0.420559
-0.964099	0.36878
-1.05192	0.289388
-0.885319	0.335973
-0.66573	0.293273
-0.350953	0.124201
-0.513698	0.164224
-0.403032	0.414011
-0.391741	0.742035
-0.296861	0.874549
-0.409107	0.777429
-0.631821	0.690404
-0.691195	0.576831
-0.461688	-0.0797825
-0.463456	-0.235986
-0.478004	-0.264575
-0.488131	-0.289509
-0.481177	-0.331985
-0.368634	-0.393443
-0.388283	-0.355182
-0.351966	-0.329206
-0.383236	-0.208714
-0.354005	-0.156624
-0.239265	-0.225692
-0.0726411	-0.227033
0.11624	-0.0633527
0.113396	0.242482
0.106637	0.304176
0.372329	-0.0421827
0.329285	-0.265427
0.281292	-0.200074
0.0813347	-0.0769645
-0.107492	-0.0695835
-0.359653	0.0223154
-0.446012	-0.0823765
-0.408892	0.282818
-0.570851	0.12141
-0.526715	-0.0117221
-0.120016	0.278847
-0.278722	0.295016
-0.381761	0.508797
-0.545833	0.733156
-0.576041	0.762087
-0.533672	0.766972
-0.552462	0.77806
-0.478813	0.684864
-0.25002	0.590465
-0.0148564	0.530473
0.0162703	0.15075
-0.18516	0.176777
-0.414326	0.0517659
-0.428957	-0.164171
-0.0568763	0.0574135
-0.286274	-0.108847
0.15215	-0.291324
0.0716572	-0.263916
0.0424791	-0.17606
0.0543751	-0.000235231
0.115158	0.150258
0.459859	-0.228186
0.247624	-0.147866
0.0772215	-0.212058
-0.166358	-0.334257
-0.260467	-0.322519
-0.433477	-0.243033
-0.72416	-0.0581819
-0.872704	-0.0104361
-0.619269	0.132193
-0.524635	0.167727
-0.672557	0.0710417
-0.413116	-0.0446489
-0.589438	0.10033
-0.427152	0.172625
-0.433322	0.273735
-0.273973	0.203912
-0.274674	0.0174678
-0.278402	-0.0616222
-0.375089	-0.116836
-0.65762	-0.179964
-0.758636	-0.20032
-0.502455	-0.12006
-0.725655	0.190737
-0.946599	0.095272
-0.609889	0.334818
-0.720391	0.444885
-0.915224	0.415672
-0.723896	0.266286
-0.712828	0.152552
-0.602725	0.280966
-0.718716	0.369784
-0.522078	0.365217
-0.559615	0.512192
-0.610143	0.706559
-0.572793	0.508644
-0.47245	0.450792
-0.26005	0.392299
0.00120376	0.419934
0.247979	0.345707
0.558782	0.120221
0.240147	0.158208
0.319844	-0.15298
-0.145584	0.0176276
-0.106991	-0.359494
-0.473687	-0.309947
-0.518339	-0.132008
-0.488898	0.00542924
0.0782205	0.373232
-0.104891	0.189705
-0.107971	0.115527
-0.157615	-0.0258436
-0.067119	-0.227968
-0.0916591	-0.295274
-0.12006	-0.199678
-0.0424322	-0.151223
0.103348	-0.0979475
0.0321424	0.199592
0.294205	0.253159
0.270456	0.0691671
0.0692575	-0.339577
-0.141134	-0.429657
0.0113284	-0.581099
0.0656461	-0.613559
-0.289885	-0.379305
-0.176399	-0.126027
-0.489319	0.0190536
-0.884222	0.108293
-0.746249	0.16371
-1.107	-0.105436
-0.729666	-0.226599
0.161975	0.181256
0.00275085	0.251629
-0.0164968	0.325506
0.0270757	0.141348
0.110761	-0.0682132
0.00293007	-0.2355
-0.198199	-0.137738
-0.320629	-0.0928552
-0.337876	-0.102816
-0.390896	-0.240979
-0.614155	-0.19666
-0.677021	-0.238816
-0.622694	-0.231097
-0.640507	-0.229686
-0.553556	-0.346796
-0.53042	-0.453009
-0.648745	-0.370241
-0.552388	-0.50763
-0.432509	-0.583118
-0.379495	-0.560813
-0.564411	-0.443595
-0.365781	-0.215959
-0.352109	0.0271414
-0.136085	0.16714
-0.246814	0.485248
-0.225642	0.522552
-0.24523	0.674193
-0.175882	0.318519
-0.0243521	0.223696
-0.284799	0.204301
-0.335783	0.302365
-0.299143	0.563693
-0.392686	0.340614
-0.480125	0.311611
-0.637298	0.198326
-0.954375	-0.352401
-0.786751	-0.325112
-0.983526	-0.458505
-1.05349	-0.397991
-0.262355	0.266139
-0.0101277	0.433329
-0.238626	0.653827
-0.0351868	0.591839
-0.119812	0.460825
-0.0933023	0.243285
-0.169118	0.242484
-0.618594	0.603732
-0.670788	0.57989
-0.59895	0.505711
-0.279479	0.215825
-0.407106	0.242686
-0.510865	-0.119436
-0.472367	-0.350558
-0.671824	-0.219181
-0.710866	-0.253593
-0.486375	-0.26793
-0.371392	0.0271557
-0.683364	0.186745
-0.642753	0.181124
-0.335735	0.182665
-0.0768537	0.149537
-0.038187	0.0852122
-0.188625	-0.0123473
-0.528897	-0.144115
-0.580726	-0.203822
-0.665968	-0.165405
-0.520556	-0.181782
-0.170847	-0.0372971
0.0476624	-0.155547
-0.0966407	-0.131147
-0.153814	-0.149203
-0.130173	-0.121328
-0.101268	-0.00310383
-0.0335396	0.13224
0.0362504	0.278817
0.496785	-0.0497603
0.452952	-0.164889
0.353854	-0.332623
0.180027	-0.540762
0.0594972	-0.403174
0.189027	-0.259287
0.172151	0.219078
0.181899	0.197399
0.2376	0.138187
0.224069	0.215166
0.312021	0.0480862
0.257457	0.152009
0.10464	0.246955
0.112255	0.153731
-0.211344	-0.022873
-0.0568885	-0.0295988
-0.136872	-0.0900481
-0.104032	-0.169726
-0.286597	-0.120568
-0.40263	-0.0223517
-0.552371	0.14852
-0.346356	0.115946
-0.409747	0.209284
-0.632894	0.22512
-0.49958	0.209211
-0.0779008	0.146781
-0.0943686	0.100583
-0.162039	0.189748
-0.29696	0.158793
-0.470583	0.0464539
-0.483962	-0.153341
-0.44515	-0.0484777
-0.330934	0.116971
0.0396137	0.154343
0.185382	0.179977
0.243405	0.127212
0.323006	0.239471
-0.00171835	0.283082
-0.079159	0.207737
0.136855	0.10873
0.145296	0.135216
-0.188623	0.326444
-0.179123	0.184464
-0.715169	-0.00450241
-0.750964	-0.118283
-0.710638	0.0219691
-0.442804	-0.0558887
-0.275724	0.115913
-0.818895	0.251893
-1.03456	0.302072
-0.96244	0.352548
-1.07829	0.353524
-0.967627	0.36399
-0.939093	0.345652
-0.827207	0.275961
-0.810189	0.427961
-0.697164	0.783618
-0.508777	0.878215
-0.43922	0.830562
-0.110568	0.568509
0.0224141	0.505557
-0.133393	0.314166
-0.469319	0.0437917
-0.497522	0.174378
-0.37895	-0.00891551
-0.438188	-0.379838
-0.498744	-0.257279
-0.146921	0.147428
-0.0120904	0.117275
-0.190719	0.238606
-0.284962	0.167395
-0.216242	-0.027518
-0.240047	-0.322277
-0.398955	-0.22168
-0.573726	-0.0664771
-0.456641	-0.0399702
-0.421032	-0.0482989
-0.501259	-0.046744
-0.508786	-0.123253
-0.534984	-0.126404
-0.526751	-0.0989465
-0.564426	0.0577168
-0.52037	0.341649
-0.358729	0.644515
-0.144119	0.821628
-0.028074	0.677375
-0.669715	0.768218
-0.617314	0.794678
-0.457626	0.813915
-0.401048	0.730392
-0.238311	0.689689
0.0380832	0.532921
-0.104612	0.334108
-0.345693	0.114041
-0.455311	0.151483
-0.616507	-0.129441
-0.815173	-0.115703
-0.532137	0.0658194
-0.599402	-0.00358388
-0.393464	-0.191365
-0.348549	-0.303681
-0.471088	-0.258623
-0.761327	-0.0325365
-0.799288	0.0905318
-0.505573	0.288234
-0.795307	0.353602
-0.925595	0.287233
-0.723801	0.137872
-0.458709	0.0584342
-0.252834	0.0787576
-0.209554	0.0794602
-0.220787	0.165908
-0.233143	0.100624
-0.143085	0.0734388
-0.183057	0.00733278
-0.285985	-0.064995
-0.332236	-0.155364
-0.38827	-0.27169
-0.433728	-0.32702
-0.63288	-0.205568
-0.700706	-0.151574
-0.787211	-0.137761
-0.885395	0.289417
-0.849241	0.645451
-0.846364	0.660432
-0.743491	0.66733
-0.5094	0.615255
-0.170893	0.508213
0.048071	0.692751
0.191916	0.859511
0.149451	0.919986
0.166669	1.02386
0.157289	1.04665
0.0501954	1.03002
-0.198931	0.936233
-0.4811	0.797509
-0.655019	0.552514
-0.831663	0.286965
-0.838818	0.0356725
-0.739128	-0.176729
-0.708659	-0.307814
-0.767931	-0.166709
-0.768244	0.0815575
-0.750486	0.186889
-0.394713	0.213529
-0.693343	0.270395
-0.55986	0.111193
-0.478811	-0.148567
-0.369338	-0.273941
-0.303482	-0.285151
-0.0796432	-0.322829
0.0889984	-0.302355
0.16864	-0.147733
0.155446	0.0466322
-0.0115064	0.203902
-0.200377	0.381415
-0.356702	0.468975
-0.440104	0.40265
-0.660612	0.610235
-0.720019	0.650076
-0.673043	0.678874
-0.645927	0.693455
-0.653468	0.776492
-0.480026	0.706102
0.0464989	0.441442
0.261602	0.593014
0.250136	0.835178
0.0226958	0.902539
-0.246051	0.826642
-0.415175	0.725934
-0.476769	0.550646
-0.489467	0.371816
-0.476346	0.212924
-0.48585	0.142661
-0.241049	0.0353231
0.161007	-0.0482731
0.0759013	0.305763
-0.0085534	0.193738
-0.176495	0.0169436
-0.012882	-0.0619289
-0.126348	-0.272634
-0.380314	-0.341677
-0.347679	-0.365331
-0.336584	-0.159676
-0.475273	-0.129692
-0.579755	-0.162909
-0.458377	-0.0666182
-0.572374	-0.0629765
-0.58617	-0.0603303
-0.103876	0.136873
-0.0635311	0.489931
0.267612	0.489141
0.221634	0.379743
0.119349	0.270189
-0.218505	0.162056
-0.184151	0.396652
-0.456305	0.408802
-0.584729	0.48604
-0.752178	0.676317
-0.75759	0.894572
-0.578897	0.963155
-0.522207	0.952464
-0.539433	0.938744
-0.492176	0.848235
-0.582917	0.776289
-0.742176	0.732062
-0.708251	0.469289
-0.664331	0.451236
-0.495653	0.308784
-0.306337	0.305007
-0.211075	-0.0205474
-0.0761297	0.10657
-0.207102	0.369008
-0.292596	0.260284
-0.544975	0.116735
-0.472912	-0.00623574
-0.807287	-0.104937
-0.638495	0.160432
-0.500258	0.327101
-0.46639	0.164573
-0.187908	0.77159
-0.121647	0.715516
0.0929883	0.822462
-0.224964	0.895984
-0.386918	0.798929
-0.487919	0.573513
-0.860422	0.0366062
-0.617021	0.227282
-0.983999	0.0501878
-0.78229	-0.03011
-0.608125	-0.201629
-0.710557	-0.0959046
-0.814134	0.098981
-0.709914	-0.164376
-0.487995	-0.529501
-0.749864	-0.417162
-0.727048	-0.192774
-0.421471	-0.0733049
-0.398859	0.00402
-0.251938	-0.140986
-0.283627	-0.0816911
-0.39583	-0.387833
-0.386963	-0.36652
-0.739076	-0.574439
-0.714714	-0.505968
-0.721299	-0.455337
-0.53489	-0.307483
-0.5271	-0.266105
-0.669063	-0.292581
-0.934574	-0.380906
-0.618459	-0.276495
-0.732813	-0.229223
-0.849241	-0.272012
-0.84182	-0.295786
-0.670094	-0.181283
