-2.07616	-16.0741
-5.34824	-5.79597
-7.52759	1.61755
4.93238	6.63129
-1.86356	0.328873
-1.77082	-6.80658
0.857244	9.88045
0.760965	5.35852
7.89591	-1.21732
1.82155	1.26199
1.15265	2.41832
-0.182436	0.467875
-1.80881	-1.03958
0.879924	-21.3661
-10.0704	-14.3632
-17.2461	-16.4553
-17.9277	-9.28056
-15.9408	7.12167
5.05039	-18.6691
-21.1822	-0.0834338
3.18432	-14.1376
-14.7061	-1.18477
0.389008	-3.4307
-0.113406	-10.8593
-12.2588	0.108875
-1.64274	-8.87034
-6.81029	-5.7117
-6.43329	-6.09576
-6.4653	0.863609
2.70494	-10.875
-11.0503	-11.4965
-9.98559	-0.115441
1.05743	-24.3022
-24.6594	-4.15979
-12.8674	-7.30494
2.41879	-7.67836
-13.991	-7.02121
-5.69964	-5.75209
-6.90438	-5.38107
-5.08886	4.33591
7.45026	-4.80725
-4.09683	-2.90063
-1.03251	-2.34913
-2.70714	-7.5557
-7.68186	2.08594
0.390015	-19.8374
-18.7709	-5.5494
-4.65898	-13.6189
-17.3528	-29.2375
-29.167	-5.51418
-5.08183	-9.51502
-10.7684	3.42651
2.36628	-9.64189
-6.81517	-5.3559
-9.03896	-3.83128
0.511591	-1.9107
-8.5818	-0.438424
-0.472244	-8.55686
-9.03533	0.433194
-1.49708	-6.57051
-7.50595	1.10765
-1.32239	-10.9526
-11.0448	-9.2558
-10.1471	-4.19411
-2.18139	-18.8762
-18.5613	-3.46535
-4.64387	-0.556246
0.17202	-10.7031
-11.5684	-9.38619
-6.47136	-3.25281
-1.97797	-9.51732
-7.72249	2.26251
2.74006	-4.26942
-4.74669	-0.47271
2.35452	1.89493
-0.395981	-4.80699
-6.1429	2.3711
0.0353413	-12.9461
-13.048	-6.40225
-7.57008	-14.8881
-14.2811	-21.9759
-23.6082	2.25185
2.49329	-5.88315
-5.83547	-7.94528
-2.76214	-6.07553
-7.68338	-4.74271
-0.83469	-2.74219
-4.54805	1.12733
2.93151	-0.449971
2.48443	0.00620175
1.3137	-5.24348
-3.15822	-4.19925
-5.27727	-4.93448
2.07455	-24.8622
-23.6069	-1.32587
-1.72784	1.36907
-2.88258	-8.08716
-15.5104	-3.49399
-7.16801	-8.51605
-11.2845	-6.41599
-2.15086	-4.2518
-8.39906	-3.87118
2.09513	-1.70426
-7.8957	5.4195
-1.00629	6.57604
8.03382	-4.31921
-6.56104	4.392
0.999915	-4.55827
-3.63849	-0.49195
1.75041	-11.2727
-19.4047	-7.07887
-6.46522	-3.61684
-12.9439	-9.05729
-3.08186	-6.82768
-10.8379	-1.44502
0.140464	-0.921749
-4.41572	-0.953002
4.49501	11.1412
6.47255	-6.38196
-9.3102	3.04535
12.1922	0.66865
0.739526	0.655512
0.486822	-0.972999
2.86222	-5.74775
-3.61352	0.132198
0.0371104	-22.3782
-19.7997	-5.35512
-4.71454	10.1343
1.31204	-4.24982
-11.6152	-1.64834
-2.16561	-5.11724
-1.99246	0.602041
-1.91549	-15.956
-9.8558	0.839222
-3.81604	-3.4343
-7.05639	-1.00278
4.1877	7.68026
3.78106	-5.35799
-3.90137	3.14716
2.3685	-4.57788
-4.39924	2.69401
2.68458	-17.7442
-17.8225	-16.0204
-20.1034	-6.47677
-4.91779	-3.15054
-2.44619	-2.17279
-5.74396	-7.98689
-6.71799	-3.91765
-2.78608	-11.4112
-11.9447	-2.10207
-7.12337	6.18962
0.434531	-2.70094
1.81049	-8.06137
-9.48466	-1.65856
-4.50899	1.54316
3.18517	1.49512
-3.9983	2.81207
-4.57327	-17.0035
-23.4117	-3.60864
-6.10241	0.23272
0.194774	-12.7224
-14.0467	0.268275
-11.9153	-7.53261
-19.2562	-4.74936
-5.58046	-22.8038
-23.115	-12.817
-4.186	-9.50805
-6.28873	-10.0511
-8.6291	2.87508
-3.60857	-2.81155
-7.52906	1.96452
0.741925	-5.6959
-9.23082	3.56346
3.55463	-16.1865
-9.28175	-19.8979
-18.5387	2.66155
2.39412	1.20281
0.977745	-11.1102
-10.4463	-12.9635
-16.2317	-12.2751
-16.0776	-6.82386
-9.33856	-5.42794
-1.27463	-5.35792
-1.65709	5.17872
8.72583	1.4328
-2.7588	6.57848
9.09178	-1.72988
-4.54405	-1.80644
1.4715	2.74721
1.02736	-24.5517
-23.4067	-10.2241
-13.328	2.5412
0.228094	-4.57913
-5.74173	0.0781518
-2.99232	-4.16063
0.249926	2.37226
2.63892	-2.45008
0.469781	6.95714
2.87487	1.96083
1.24872	6.32504
8.30607	8.90153
-0.425028	-2.2837
-3.48911	0.200063
-1.95469	-2.54747
-3.62999	-2.43308
0.986785	-15.3561
-15.9	-15.5472
-11.6008	-7.49557
-8.07	-10.579
-13.994	-10.0806
-4.73506	5.06364
0.870779	-9.99293
-12.4394	-9.27582
-8.57436	-3.66858
-3.58343	-3.82358
-4.10013	2.83767
2.49937	2.12357
0.0562822	-3.12703
-1.26059	2.97566
-1.04115	-6.72632
-5.28726	-0.436675
-0.109269	-13.6075
-13.866	-2.67489
-2.58233	-9.64982
-10.6669	-29.0915
-28.6058	-2.11623
-0.241251	-8.13057
-6.45428	4.24224
-1.56678	-4.88739
-4.34793	-12.5939
-7.18127	-5.22626
0.280371	-9.00346
-5.37195	3.92137
3.64719	-2.76765
-5.67575	-4.6433
-6.02215	-0.670536
-0.455622	-4.60473
-0.918803	-11.3149
-12.6562	-14.9789
-15.8776	-0.466051
-6.00072	-16.3
-16.8089	-10.4905
-15.4462	0.072797
3.45337	-0.956865
-4.9867	-15.6289
-13.6704	-5.82314
-5.57318	-6.70087
-9.05187	-5.36788
-4.45434	0.0491723
-1.82547	-11.7616
-13.2708	-1.9484
-2.16958	-4.81091
-4.96727	-0.56697
-0.951548	-22.3715
-21.8928	-24.101
-24.3028	-2.6725
-3.54835	-9.50652
-10.9768	-6.50331
-6.36281	-5.96306
-8.58739	4.83363
8.72157	-14.8727
-15.2862	-4.4145
-11.5617	5.65207
6.71533	-2.30808
-2.97323	5.64196
8.54365	-0.795422
2.16232	-2.6168
-6.0387	-2.13529
-0.868334	-4.63964
-5.98629	-17.9777
-16.4879	-14.8792
-10.3232	0.488961
-0.76262	-23.3052
-23.2248	-0.351905
0.707573	-18.4759
-17.3554	8.76392
8.22044	-8.66423
-4.16742	-3.96219
-1.14817	-10.6538
-3.16451	1.77256
0.934855	-4.86249
7.53751	0.873689
2.43581	2.00805
-1.76662	-4.25995
2.50364	-3.00696
-4.14977	-17.6715
-19.5766	-20.1033
-23.6917	-3.48304
-1.69753	-19.9427
-16.7329	-7.83221
-11.1144	-6.74461
-1.28752	-9.89293
-0.762614	-14.6792
-14.3414	-11.9811
-6.98791	-8.8151
-12.163	1.64762
-9.0131	-2.77528
2.78731	-2.65675
-1.86072	1.38597
0.0259395	-7.59298
-7.85291	0.375518
1.33125	-11.9584
-9.66499	-6.9543
-3.13118	-3.53505
-0.882998	-16.2046
-12.3608	5.93839
4.80533	9.80948
1.70761	-7.34738
-6.35559	-23.5811
-15.6645	-0.718274
1.51025	-8.34187
-6.60308	-3.84282
0.0998538	4.37182
-0.41308	-3.3124
-5.62524	1.94448
-2.22924	-5.61418
-4.25997	-1.59173
-1.32167	-33.9537
-32.1449	-0.678161
-3.68773	-10.841
-11.3335	-7.09305
-7.36458	0.391808
-3.31792	-5.88115
-0.161944	-6.8047
0.999482	-14.1778
-10.9229	3.12884
0.347642	-14.1538
-14.7701	-0.442718
0.425669	2.73919
-0.588502	-10.7584
0.92534	0.604989
4.87528	-10.6259
-3.54773	-2.31017
-1.31259	-25.2948
-24.034	-10.1739
-9.45616	-4.78457
-3.22478	-2.18631
-13.6546	-4.0848
-1.88168	-3.675
-10.4105	-9.44175
-7.44075	-13.1219
-9.9958	-4.74538
-5.59437	0.734185
-1.75935	-7.55213
-9.63844	9.90643
13.2055	1.39666
-3.38187	-0.699837
2.49227	-6.57101
-4.81369	-1.62292
-1.26148	-11.5829
-12.9739	-1.69441
-8.13171	-5.94801
-5.96504	-17.673
-20.8974	2.8652
0.144198	-15.603
-15.9952	5.41131
3.3185	-3.8463
-3.60611	-7.03207
-7.31817	-7.51587
-4.05071	-1.30498
1.4165	0.607492
2.22058	0.525157
-1.04268	-0.487685
4.83263	5.80618
-1.72271	-0.00798888
0.0121755	-7.93167
-10.2009	-18.4705
-19.3145	-10.8809
-4.58228	-17.2767
-14.8019	-22.8144
-20.4783	-1.52983
-2.01283	10.0885
14.8722	-15.6117
-9.89165	-2.96867
-7.71218	2.98028
-2.22838	-5.14164
4.51997	3.45778
8.59641	0.259567
2.95696	-1.88147
-1.30691	-0.147667
1.41438	-0.724016
3.05748	-14.9244
-14.3369	-22.5844
-23.6819	1.47203
0.266352	-8.8062
-10.4465	-1.87859
-3.28925	-6.30721
-6.20609	-7.70253
-6.65869	-13.9168
-14.9724	-1.80445
-5.06264	0.804374
1.52678	-9.12058
-4.03416	-3.33031
-4.41674	0.00981739
0.962144	-8.94763
-6.63937	-5.5405
-1.59026	-1.57731
-2.23146	-9.05976
-7.87927	-5.2292
-9.75143	-4.18972
1.84494	-15.2139
-17.8756	-20.4048
-15.229	-20.4191
6.19942	-3.1642
-3.09892	1.40845
-3.2959	-1.61129
1.94555	-1.36677
-6.24513	6.60026
0.0563655	-0.57994
3.14096	7.50578
1.69279	-4.74696
7.47657	4.6914
3.76899	1.86137
0.62023	-4.67981
5.96168	0.153253
-6.58778	-1.37732
-0.688404	-14.7476
-13.3496	-7.11707
-5.02068	-12.8087
-11.6095	-19.8199
-11.3493	-6.71642
-5.33585	3.50652
4.98609	-3.27245
-11.1819	6.85487
-5.53631	-13.6244
3.02479	-4.29027
-4.45528	-6.47311
-0.384713	5.75916
8.40746	-1.40898
0.942338	-4.80361
-0.259566	-1.21567
0.383038	2.23752
-0.757601	-16.3452
-13.5527	-24.6336
-25.6852	-10.467
-9.5337	-11.7795
-12.0079	-10.1597
-12.6134	-5.25767
-7.81457	-1.02347
-9.45225	-10.2415
-8.30584	-13.054
-9.82714	-5.75137
-7.91226	-4.60826
-4.97886	2.73131
-2.41369	2.89422
0.501983	4.8004
5.75162	-7.79342
-5.54735	4.10496
-0.069318	-16.8614
-14.0635	-9.44627
-11.3496	0.690916
-1.49176	-26.7544
-26.4574	-12.5127
-13.6258	-6.67704
-3.04117	12.2668
9.448	-12.0383
-9.99207	-5.36557
-5.90239	4.21641
1.44788	-7.21171
-7.16	4.33145
5.20765	-1.88589
0.0410503	-4.21615
-1.74754	-4.75504
-1.16383	-6.90123
4.04502	-12.6651
-14.3427	-10.7018
-16.2014	-3.02828
-13.0894	0.782893
-10.7794	-2.54426
6.64859	-15.3983
-20.3214	2.22037
4.75469	-7.68397
-7.50141	-8.51502
-8.13349	-3.45265
-5.00382	-8.86381
-2.60442	0.781367
-2.42228	-6.71692
2.5641	-0.998506
-7.32575	-3.53896
-6.60759	-0.607797
-0.553391	-31.7675
-31.1415	-8.4506
-11.7423	-1.21832
-4.97297	-14.6765
-20.8361	4.84899
3.06717	-7.36815
-7.88955	-4.45641
-0.050916	-1.39499
1.96082	-6.25593
-9.29927	-6.27647
-5.74648	-1.44356
-2.96084	2.94773
5.66504	-3.6492
-1.14862	-2.12484
-0.189506	-0.873114
-2.89701	-1.65722
0.394504	-3.9215
-5.71997	-14.241
-14.6595	-16.1071
-12.6591	-9.59272
-11.2708	-11.1198
-10.5157	-10.4321
-8.82269	17.7998
3.79312	-12.1152
-1.75443	-7.63748
-1.62447	-6.01646
-12.2031	-4.58269
-6.79581	-3.07178
1.11226	-5.01876
-2.58265	-1.89052
-3.07964	1.35376
2.66935	-2.22061
-2.08826	-19.1473
-19.1648	-15.0419
-11.463	-7.91383
-9.82027	-27.5712
-25.0717	-0.899059
-2.34617	-8.62531
-12.4634	0.0836442
4.4514	-6.30542
-10.3281	-6.39055
-10.2933	-2.81151
0.413385	-2.14872
-2.2995	-4.45586
1.93551	2.60321
1.603	2.30721
3.52936	2.85066
4.04612	-3.99053
-6.14914	-12.4195
-14.6528	-0.611921
2.48796	3.34574
-8.91689	-2.22454
-10.2218	-8.6314
-6.51594	7.45274
12.7354	-1.79446
-9.23915	3.75749
2.98615	0.649037
-1.00808	1.16103
-7.48282	4.30339
0.852159	7.25527
0.412522	0.0528386
-5.20669	-5.17672
0.213372	-1.22614
-3.31843	-0.951336
-0.0280781	-18.3044
-17.213	-21.1191
-24.4874	-0.730596
-1.85275	-5.3608
-7.84808	-4.10857
-11.0424	-16.8672
-11.3955	-1.08696
-5.0318	-9.33805
-16.298	-6.12775
-8.90687	-7.29889
-7.04103	-2.74813
-5.29581	-7.16963
0.220375	-4.5405
3.00745	2.53085
4.75088	1.10576
-0.377399	0.828235
-0.0657535	-20.5569
-22.1402	-9.54507
-9.848	5.74007
2.05853	-4.03933
-8.69114	-5.0223
0.0440812	-4.78679
-4.02885	-7.10726
-0.0294096	-9.28762
-3.09036	3.5167
1.67767	-2.47772
1.73481	-0.130662
0.164388	8.63035
-2.17502	-2.72946
4.0198	1.63432
1.76947	2.11873
6.27461	2.14349
-7.15817	1.73727
-4.67315	-0.154561
-2.38587	-2.45851
-5.62399	-6.08057
-1.13197	-5.1557
-6.02726	-2.01972
-4.34443	-3.02972
-2.29962	-27.2673
-30.5122	-0.126658
-4.59573	-10.0925
-10.5	4.02514
1.26151	6.36486
5.46856	-9.34339
-3.8466	-10.5945
-10.876	-8.57076
0.885884	-8.17314
3.35969	-0.920116
-1.1838	4.73198
-4.72206	-2.68385
-3.63352	-2.29527
3.19455	-29.9817
-31.9634	-10.5904
-11.3233	-10.8401
-8.96492	-18.6904
-24.5697	2.56112
6.42829	-3.9619
-3.89092	-7.54972
-7.12246	-7.06679
-7.13284	-6.52824
-7.69506	-6.95791
-6.19611	5.60787
5.83388	0.0179112
-1.69819	-1.57532
2.33059	-6.81063
-4.51461	-7.95138
-3.44971	-0.375003
-2.33235	-8.71406
-8.88475	-11.1714
-10.8836	-3.24585
-4.88105	-22.1385
-22.1113	2.16813
2.51477	-23.0509
-13.8385	-1.98101
-4.39291	-2.64935
-6.65241	-5.63374
-2.27161	-0.153191
-5.54875	-4.218
-4.03899	-0.946197
-0.537042	-2.25616
-4.93363	1.39976
-1.28274	1.12499
-3.83006	-4.28219
0.0754153	-15.3725
-21.1105	-18.3911
-21.5995	-6.3631
-3.71081	-14.1285
-13.6108	1.44336
-0.548615	-7.35672
-5.20395	-9.82007
-9.36347	-12.0214
-13.2118	-2.02466
-3.1343	-2.73631
-1.67425	-5.64322
-1.32329	-3.00874
-1.2008	0.487958
-5.03779	3.50869
4.34876	0.605785
-4.32014	2.05259
0.182184	-15.6517
-20.5547	-6.0301
-3.2997	-17.5666
-16.5485	-29.6611
-28.5463	-4.90313
-1.96808	-14.5955
-4.91492	-5.26763
-2.36693	0.30665
-8.39062	-7.21016
-13.2987	4.62026
0.157611	-4.22685
-3.18109	0.785862
-0.965385	-2.90444
-3.59167	-3.96635
-5.79892	-0.350521
-0.444042	-3.09367
-4.2507	-14.0559
-11.3766	-18.7615
-14.0405	1.60191
0.910012	-17.3796
-18.3169	-5.29264
-3.03649	-31.1312
-30.2908	5.92012
5.95006	-4.90061
-7.60189	1.02531
-3.85939	3.38692
-1.46775	-8.51789
-12.2471	9.41562
10.4164	-1.06106
-3.12213	0.775139
-1.41644	-3.52425
-3.24791	-2.98567
-4.38924	-8.99545
-8.33832	-3.7864
-3.28575	-5.10565
-5.16157	-18.2851
-15.4472	-7.16482
-6.49619	-8.42825
-6.28607	-4.5246
-8.4611	-7.87881
-10.5148	-2.62207
-0.986864	-4.46211
-0.122852	-4.16516
-1.88258	-2.29803
0.0816149	-0.609525
5.00281	0.26938
-3.81228	-7.30971
-6.59409	6.62803
6.23722	-18.4018
-16.7273	-8.41606
-13.8495	-6.00179
-8.04205	-30.5819
-31.3319	5.00315
0.982643	-4.85529
-6.8323	-2.60478
-6.28938	-9.5821
-0.0795419	-3.26536
-7.94165	0.29067
-11.2422	-0.576333
2.20428	-1.30734
4.69318	-0.593413
10.3414	3.62269
-1.35114	-4.28614
1.74134	-0.565772
-0.548501	-21.8417
-15.3983	-17.5116
-21.6491	-8.36165
-5.30298	-20.4036
-20.9389	-0.17608
-2.52783	-1.39932
2.29326	-3.24996
5.23648	-19.2675
-7.26046	-7.69277
-16.3808	-7.03962
3.61458	7.47913
-5.02687	4.21363
-1.92155	2.09197
2.15113	-4.01091
-2.66651	-2.95601
0.433656	1.27266
5.01134	-26.2968
-28.3556	-8.02265
-2.25981	-6.11486
-5.68914	-4.28
-10.0943	-5.07528
-10.1838	-4.88723
-9.0604	4.7787
0.556502	-16.0627
-7.1093	-9.57925
-16.4131	-7.24986
-4.25787	-3.69541
-0.218171	-1.80759
2.69292	-0.933401
0.983181	-4.31653
-3.83204	2.54386
2.63596	-3.11395
-3.46947	-5.6332
-5.98959	-17.1398
-18.1156	-12.6228
-12.7618	-6.00615
-3.82627	-2.46545
-1.69836	-7.78863
-7.13248	3.28071
0.718753	-11.5474
-9.71769	-2.61774
-1.41037	7.12364
1.92373	-12.4605
-12.9328	5.76967
2.27768	2.31858
-2.34199	0.369986
-0.449692	1.83084
0.651774	-0.730275
-2.30553	-11.6579
-12.1431	-15.2485
-13.8832	-0.518665
-0.720273	-5.66018
-2.98269	1.2959
1.88354	3.96316
3.71304	0.432134
-5.00166	-1.70097
-5.22654	1.47638
1.16812	-0.661055
-4.32755	-4.7779
2.22873	-5.42748
4.59406	-2.37501
-0.717491	0.59901
-4.94716	-6.0593
-7.31119	-1.23848
2.29055	-28.9967
-29.0126	-10.8481
-11.4281	-6.73011
-7.08635	-1.40112
-6.26767	-3.11279
-6.28379	-2.57844
9.87346	1.35367
-6.41143	2.33592
4.86343	-9.41772
-6.81187	-4.11199
-4.41115	-1.35839
-1.78859	-0.404388
2.50681	-0.0133464
-6.74376	-1.68961
1.76016	-3.17914
-5.40432	6.38728
-0.328756	-23.1725
-23.7145	-12.9133
-10.9834	4.19709
2.83801	-6.1687
-2.38283	-5.25562
-4.80157	-2.44883
-0.174366	-2.61628
-10.5153	1.13829
2.47376	3.79245
-4.74486	-0.871783
2.90469	3.62591
1.85353	0.0551394
4.5803	5.37218
-0.14096	5.06193
1.44885	-1.61747
0.858387	-0.933239
-1.83506	0.38806
-3.25398	-7.16132
-12.7684	-2.35896
-9.55562	-8.09148
-5.69037	-19.099
-16.6389	-11.5238
-11.102	3.16971
4.14327	-0.481248
0.177011	-14.7138
-16.7174	-4.15777
-5.01045	-3.82426
-10.6312	-0.911515
-12.6251	1.41592
-2.96623	-0.342659
-3.5934	-2.851
-0.558512	-7.75358
-3.65128	-0.942597
-2.56609	-22.5329
-24.2403	-5.62334
-6.10392	-1.87701
-4.11393	-11.2487
-7.20284	-6.22224
-6.08342	-6.87464
-5.12505	-6.75261
-7.25084	-14.392
-10.3995	-3.40471
-3.46932	2.81773
2.89615	-3.33558
-2.93246	2.16661
4.64227	-2.35619
-4.92205	-5.43276
-5.14552	-5.25191
-6.30443	-1.98789
2.18708	-6.11039
-5.74287	-8.87007
-9.96018	-9.55513
-12.0898	-13.002
-13.0324	-12.1093
-12.1334	0.750436
-0.768602	-2.84645
-5.3664	-1.8559
-7.31015	-3.21598
2.1991	-10.2202
-6.08821	-5.10555
-5.37702	4.83035
4.29714	-6.57516
-5.71018	1.24979
0.12673	-5.50486
-5.99182	0.870054
0.853407	-9.94246
-14.3044	-4.56033
-5.51153	-6.42944
-6.33386	-2.95943
0.749506	-12.4098
-8.25426	4.18112
2.42772	-8.4056
6.64708	5.96878
-2.17949	-6.6276
-4.83024	1.20897
-3.79332	-2.20475
-1.47331	-9.81998
2.29045	-3.11161
2.45177	-1.77864
5.58625	-1.01878
-2.41832	0.835459
-2.75762	-15.299
-17.3076	-10.0634
-9.73905	-7.9869
-7.35216	-22.4992
-23.6732	-0.853496
-3.14473	3.01374
4.24426	-6.11584
-6.99911	-8.74494
-9.27313	-0.736737
0.913576	-15.0014
-14.509	-0.314516
0.884611	2.7697
2.4732	-9.70503
-9.5326	-1.27371
-2.61616	-4.71472
-4.15824	2.03838
0.665925	-12.3763
-12.4091	-4.14595
-2.35233	-6.24403
-4.42357	-16.0623
-16.3036	-8.78704
-10.9776	-2.75962
-1.86391	4.04369
4.09726	-9.42253
-8.05466	-12.9801
-13.4071	2.81802
2.35532	-1.65095
-0.873683	-0.882418
-2.69986	0.479913
1.22655	-6.66214
-6.70518	2.1264
-2.97661	1.68254
0.0095151	-5.28105
-5.89701	-16.8722
-15.4664	-18.4199
-16.3485	-13.3957
-13.2238	9.72628
2.4123	-10.8646
-12.2349	4.01451
6.57207	-7.59995
-11.3555	-9.66446
-1.28938	7.70021
3.55952	-4.7716
1.29374	5.83063
2.30473	0.630844
0.323553	-3.39714
-3.4974	-4.32562
-4.3629	-0.371255
0.0985729	-8.45792
-8.40306	-10.6147
-11.2217	-4.3991
-4.74109	-20.0359
-20.1777	8.52826
7.26711	-5.90841
-4.21615	-13.4494
-14.2122	-9.72553
-8.0916	1.63651
2.85202	-0.562264
-0.542202	0.386831
-7.69192	-3.3234
-12.4536	-3.30207
-4.90123	-6.93016
0.444243	-5.90128
-2.36011	-6.58057
-4.74386	-17.488
-24.6412	-10.1544
-12.5897	1.56704
-0.795061	-9.06329
-4.08773	-6.15212
-1.95001	-9.30934
-2.88764	-9.7083
-3.77261	-1.12836
1.69628	12.2163
10.5407	-2.73686
3.10487	7.34792
-2.94383	-6.10648
-4.03902	1.04044
7.2467	-0.385119
8.8777	-1.38894
-5.94168	4.78482
1.37702	3.36901
-4.88092	-1.8165
-2.20169	7.73371
12.1084	2.70939
2.86854	-2.00932
2.81774	4.6137
1.46962	-6.46811
2.06518	1.07998
2.26637	0.0495081
0.0417841	-3.73947
-1.6876	5.11748
0.291084	-30.5137
-24.9123	-9.95052
-7.69312	3.08076
-7.16637	-15.494
-9.55032	-13.4208
-12.1775	-7.90584
-10.3005	1.85469
1.72051	-5.39464
-2.34287	-13.9202
-14.5779	-2.64746
-2.62862	-1.10955
-2.16988	9.90437
8.33805	-4.83696
-5.32459	-8.50211
-5.14502	-3.64428
-3.95278	-2.42201
-2.40938	-11.309
-10.4529	-8.17601
-7.95953	-4.14805
-5.01457	-26.0747
-20.6215	-9.46216
-9.20127	0.435328
3.97636	-2.31472
-0.306491	-22.5279
-23.8688	0.541141
2.3625	-4.15932
-7.03537	-3.19967
-3.14394	-3.31157
-3.87008	-4.80072
-7.58395	-3.96954
-1.60742	-3.91474
-4.46956	-0.481692
-0.433604	-20.5559
-19.9316	-24.2246
-23.1516	-9.23558
-8.7473	-10.3872
-13.592	-9.98429
-8.26465	-7.24639
-6.14822	-12.2202
-4.24764	-14.8837
-6.31098	-3.44718
-2.36075	7.44069
12.9317	3.97939
3.99925	6.95167
-5.89668	-3.23863
-7.81598	2.47238
-2.81954	0.478707
0.0020336	-1.41046
-2.09011	-16.0885
-14.4454	-12.391
-19.0357	-6.8545
-7.93253	-11.9902
-10.6036	-4.19627
-2.56017	-6.34609
-3.74701	-10.4624
-7.25955	-15.083
-17.9029	8.89999
1.96646	-5.05856
-8.20001	-7.35806
-3.76539	-0.778168
-3.0022	-7.57864
-6.17047	-1.78786
-1.95971	-5.22425
0.357389	-0.614168
-5.95685	-19.6766
-18.8515	-17.5316
-18.0389	-3.82948
-0.358001	-1.30353
-3.86677	2.0828
-1.92788	-4.98885
-8.79674	-0.427289
0.458821	-0.926868
3.96675	-8.45174
-13.6333	-3.76569
-13.846	-4.57234
-10.01	-1.67075
-1.44007	-4.19314
-2.42297	-0.243035
1.42313	-5.80394
-9.03765	4.08739
2.61008	-17.2996
-17.7051	-5.66691
-6.83908	-4.76021
-3.97328	-22.714
-20.6636	-4.41125
-1.52086	2.03173
1.69294	-4.2802
-7.80709	-11.558
-12.6837	3.17074
3.05762	-7.73242
-12.7781	-0.718195
-1.38389	1.88336
0.84994	-8.73766
-3.50784	5.0514
-1.26698	-1.32996
-2.92432	2.05326
0.0734189	-30.8451
-30.3265	-10.7099
-7.60235	-7.44181
-3.44479	-5.65168
-8.8118	-1.20329
2.1809	2.59287
6.49087	-0.554493
-11.4214	-9.1164
-6.74066	-2.39769
-4.08696	-5.43142
-4.83432	-0.796513
0.256457	7.02743
5.64583	-6.26005
-4.6208	-2.66902
-1.93302	-0.703756
2.15032	-3.27271
-0.0835829	-13.8088
-8.27118	-14.6688
-11.0139	-6.74762
-0.0667224	-13.3324
-10.6447	-1.05474
0.593103	0.472099
3.01244	-3.47681
-0.411833	0.348184
5.24066	-3.31052
-4.67789	2.38655
0.723795	1.94044
2.5457	1.49287
6.24115	-0.028926
0.288199	0.808933
-2.60044	2.01901
1.16215	1.26339
0.202281	-14.2528
-15.2552	-25.876
-24.8686	-0.727391
0.345984	-9.27482
-7.55722	-1.783
-0.0592663	-0.71054
-2.36678	-10.613
-10.6387	-10.967
-13.7808	2.79829
6.04194	-9.11458
-9.29128	-3.33957
-6.92813	-2.19897
0.369318	-7.83543
-2.29213	4.13519
6.2942	-6.29756
-3.85239	2.08327
1.14063	-12.6911
-14.5577	1.25193
3.20117	-18.0713
-16.7605	-21.1827
-24.1419	-0.156983
-4.93194	-6.68016
-0.494955	6.57359
-3.24246	-1.89934
-4.13628	-8.26716
0.790813	2.41027
-8.94287	-10.2024
4.85634	6.90074
0.0570898	-1.66628
1.42602	0.14346
-1.66832	-5.08837
-0.77339	0.496318
0.500625	-24.5364
-24.6596	-10.0745
-13.0852	4.07712
-6.07187	-11.8928
-9.92225	0.72628
-1.09871	-2.37851
1.49675	0.865506
-3.31588	-0.373952
-3.88109	0.348542
1.26207	-6.81388
-10.0761	2.47824
6.74192	-2.29365
0.087416	-1.58149
-1.82957	-3.23985
-3.42293	-0.650459
2.16393	0.0817516
-1.10524	-25.1998
-25.3201	-11.4969
-12.2673	5.77455
-3.03406	-12.089
-5.91812	-1.74687
-3.71076	-3.51649
-1.62164	-0.218816
4.23069	1.87991
0.251524	-8.40396
-2.55266	-5.61764
2.58628	9.09214
11.8955	3.1605
9.26828	5.57166
9.59836	7.21472
6.19513	6.33233
-1.04418	-4.1945
-5.41783	-18.259
-22.6542	-22.7113
-18.2907	-2.49657
-3.23245	-25.3022
-29.717	4.93596
2.25889	0.601774
1.9746	-6.74124
-17.6148	2.30614
-8.40662	-7.40333
-9.09087	-2.33492
-1.24718	-0.14974
-6.40385	-4.514
-0.563259	5.46188
-0.841411	-0.122689
-2.19423	-2.82387
-4.32623	-1.97258
0.837267	-15.2657
-14.1517	-10.224
-9.12274	-5.64458
-3.76844	-16.5484
-22.9986	-7.4227
-3.03233	-7.45122
-2.61673	-2.58292
-1.06017	-4.69022
-1.69021	0.343173
-9.32745	-3.25715
-11.8396	-1.89732
-3.04476	2.5518
-0.143083	-10.8632
-10.0513	2.41585
1.38314	-3.93825
-5.66828	-1.20169
-2.5392	-11.6446
-10.309	-4.57674
-2.00608	-11.5984
-9.36951	-14.6468
-13.5901	-10.0601
-8.68672	4.24958
-10.2392	-5.84724
-6.81945	-7.35969
-15.4712	-6.59204
-10.6894	-8.92943
-2.90565	-5.94485
-11.0099	3.97173
1.96341	-11.8308
-9.69302	-2.70527
-5.98729	-7.10079
-5.81849	0.0459512
0.683203	-6.56977
-6.77486	-9.37752
-7.75961	-6.58809
-7.61008	-16.5291
-17.7504	-7.70601
-8.38257	-13.1806
-13.0029	-0.318453
3.12727	-9.24243
-3.56118	-4.07002
-4.97316	-5.35867
-4.26233	-2.45302
-0.500038	-10.6432
0.51492	-3.67079
0.0992994	3.09996
-2.58886	-3.71295
-7.47687	-0.306466
2.78325	-28.3664
-27.6077	-2.72181
-1.97724	0.313756
-7.37659	-25.0822
-29.1246	0.392856
-1.02419	-9.54342
-9.89679	0.626615
2.25895	-7.12114
-7.29415	-7.25413
-6.6282	-0.842485
0.260002	-1.89219
-3.15357	2.50656
2.85586	1.04473
3.16711	0.118861
0.563807	-7.75327
-8.61448	-0.973329
-1.20922	-19.7835
-20.1348	-11.4722
-13.2419	-9.01798
-6.6914	-20.7515
-20.1777	4.92784
-0.142056	-0.652299
-1.27029	-7.46377
1.03538	-13.4847
-17.0719	0.682238
-1.43397	-2.09543
1.24187	-7.61455
-4.17785	10.7226
9.6501	-0.276301
-1.12681	-6.91086
-8.03592	-7.44562
-8.80746	-0.174109
-2.96225	-10.9769
-11.0463	-13.4048
-14.2303	-4.19875
-5.70341	-20.2034
-20.8826	1.65177
-1.48177	-1.11544
-1.53285	-10.975
-11.1272	-9.26702
-6.49697	3.15117
4.98713	-11.9284
-7.79222	-4.14941
-7.17831	0.184034
-2.56383	-4.03505
-6.33382	-3.67008
-3.41077	-2.5586
-4.20614	-3.00341
-0.140375	-12.9883
-13.8003	-6.75945
-6.00283	-6.0301
-4.78434	-28.4677
-27.9437	0.349489
-7.53722	3.85117
0.423933	0.507566
-0.47886	-8.01699
-12.205	2.59344
-2.3237	-5.17412
-3.7986	-9.02089
-3.50068	2.0255
0.0555589	1.41832
0.641376	-2.28476
-1.06488	-6.82485
-7.88429	-4.62745
-2.5378	-11.7634
-11.4156	-20.6606
-19.2693	-11.144
-8.87808	-11.0465
-11.5502	-15.4393
-14.181	-3.43395
-0.228026	9.69737
7.063	-15.9562
-17.5127	-6.84122
-4.66943	-2.00527
-0.964873	-1.98858
-2.28981	0.368426
0.980563	-0.935456
-1.02073	0.110307
-1.48798	-6.45993
-5.81464	-0.295702
-1.85192	-13.1888
-19.9872	-5.29792
-3.42241	-9.54874
-10.1173	-3.97531
-4.74569	-5.06496
-2.80813	3.9064
2.3197	-7.62386
-2.95604	-7.6605
-3.38809	-6.7409
-11.1336	-4.46253
-5.75371	-9.80295
-6.52817	0.143371
0.107019	-3.65257
0.0883272	0.270572
0.363495	-0.876787
-4.90669	-0.72157
-1.20092	-9.45993
-9.25822	-8.87812
-8.21382	-4.91804
2.29707	-15.3072
-13.569	-12.6821
-18.109	-8.96206
-11.0518	-14.0781
-1.94353	-2.86089
2.43473	-0.334598
0.378131	6.67937
-3.30925	5.64357
0.903492	-3.70826
-4.07109	-4.37889
-3.95808	1.99649
0.945996	-5.07287
-6.16108	-4.03711
-6.27659	-8.69384
-8.07208	-10.4085
-9.785	-3.38429
-4.69642	-19.4526
-21.1007	-6.45613
-10.9222	-5.5827
-8.5312	-4.813
-4.69759	-8.08229
-6.72663	-2.19807
-0.776555	6.21123
2.61813	7.84246
10.5927	9.6784
-0.132727	3.41811
-2.02486	0.553099
-4.36086	-3.28916
2.7584	-3.85752
1.18933	-23.124
-24.1572	-12.2298
-15.2396	-11.4822
-12.8201	-11.3794
-19.5112	-3.50332
0.136674	4.66479
0.862345	-3.26626
4.82102	-5.15852
-8.70353	-13.5709
0.466844	-9.40446
-11.0799	0.690253
1.40162	7.77203
6.58077	-3.76766
-6.84584	2.75811
4.07914	-4.44962
-6.02918	-4.73161
-3.16061	-29.7184
-28.4675	-7.56646
-10.2049	-12.6723
-7.20408	0.809067
-5.83119	1.47215
-4.06876	3.74922
1.94813	-5.80546
-3.35796	-7.4513
-6.94602	2.6726
-3.04279	-9.801
-3.2809	-2.7433
-4.53398	5.85306
2.86012	-6.85838
-5.3467	0.756949
-2.00595	-3.11391
1.29931	-0.989729
0.17039	-16.2392
-9.50986	-16.6997
-22.9156	0.209619
5.9417	-15.184
-17.6522	-6.36223
1.66739	-8.78156
-17.0516	1.69749
-1.29368	-8.58216
-9.62508	-5.60641
-3.25216	-4.09045
-3.60904	3.24707
4.95718	2.35172
7.60127	6.02194
-0.664108	-4.54873
0.456276	-0.269388
-3.42919	-0.789317
0.0301067	-16.7376
-25.8029	-12.8332
-5.82811	-9.84966
-4.3409	2.10292
1.34722	-2.63147
-4.46906	6.38076
3.17033	0.180217
2.67958	5.18092
-1.14974	-5.06535
-8.6429	-4.95743
-7.72318	3.25968
9.30738	6.21857
-5.16959	-5.4987
4.52454	6.12324
1.46273	-1.27675
-1.93191	-4.56053
1.5842	-23.4978
-24.3357	-10.6964
-11.6448	6.87
8.93881	-1.47442
-4.18712	2.41425
3.07738	3.21302
-2.25434	-3.75819
1.20775	8.12742
3.36972	-6.57124
-10.1668	-0.0839346
3.96811	-0.706414
4.49336	1.59835
-5.5631	-0.900569
-5.42518	-1.32175
1.0057	-4.92207
2.90747	0.83136
4.09947	-2.74018
4.95865	-0.750073
-3.18348	-3.24462
1.919	-2.40452
-2.25609	3.97502
2.14069	-15.1681
-16.1249	6.10745
7.62817	-17.4994
-16.9993	-24.4996
-20.8313	-7.63587
-3.82311	-7.49352
-6.00617	-5.73793
-4.62932	-3.74564
-6.42714	-7.25077
-3.65124	-7.7619
-7.85237	2.42391
2.44619	1.22947
3.65286	-8.7727
-6.29412	-6.35255
-3.18763	-6.31734
-7.7917	-0.0016094
0.142275	-11.4095
-11.7608	-12.0794
-13.2627	-3.63264
-9.79348	-7.28939
-11.4039	-8.04991
-12.5591	-7.02883
-5.73436	-2.29578
-0.204647	-13.1387
-12.6691	-10.7336
-13.2062	1.80463
0.00755756	-0.538908
1.80565	-0.197062
1.55467	-4.73517
-3.87796	1.04969
0.828351	-5.47859
-2.69655	-3.35003
-0.441742	-29.1005
-30.9844	-16.4011
-20.4218	-11.7462
-1.97268	-9.61971
-10.2919	-15.2296
-16.18	0.435204
0.929587	7.20375
9.47627	-17.2165
-14.062	-8.5217
-10.3232	-4.13843
-0.686009	10.8619
9.58392	-1.14956
1.40995	-1.7626
2.23968	3.66385
-2.55687	-0.521863
-1.96613	1.80906
0.656383	-20.5264
-18.3612	-13.8289
-20.9623	-8.06543
-5.96966	-9.26014
-7.68204	-7.79554
-7.90767	-5.36726
-3.38698	-1.93454
-0.639646	-17.7941
-18.462	-2.94497
-2.83847	-2.24421
-4.32951	5.21729
6.71071	-5.18973
-2.19273	-1.82199
0.337073	-3.51391
-3.34297	-6.85919
-5.86522	-0.165294
-0.771673	-10.9195
-11.6712	-11.3319
-11.5509	0.0287336
1.68962	-17.6771
-15.1585	-9.06116
-7.34696	-30.0775
-29.2532	5.84344
6.11241	-2.23077
-2.89911	3.44119
1.7683	-3.24908
-0.222154	-7.07651
-6.2087	7.04782
9.41204	-2.09736
-2.45789	-5.65885
-6.96082	-4.19128
-2.33855	-2.64249
-2.25535	-12.7009
-12.7618	-19.6432
-18.6362	-19.6682
-18.7184	-3.60453
-8.35	-6.69809
-6.8087	-16.9096
-16.3563	-1.52232
-6.22248	-2.97618
6.71154	-7.73741
-0.983483	-7.12703
-6.97006	-11.5631
-5.03486	-8.33941
-3.8403	-3.72186
-4.38379	-3.10648
-2.61824	-3.59509
-2.84228	-0.641187
-0.550741	-16.1377
-15.5183	-14.718
-16.4516	-10.977
-13.9101	-9.56925
-5.70635	-6.6182
-7.86815	-5.7864
-6.5815	1.67672
3.0382	-16.933
-14.1649	-9.6278
-12.0886	1.48148
2.76225	-2.31419
-4.92138	-4.43977
2.67093	-7.54857
-6.44594	1.12483
3.8921	-4.83928
-4.15304	0.306878
1.80965	-17.8591
-13.4857	-19.3084
-18.2014	-9.81966
-6.81455	-6.78188
-7.94005	-5.67995
-4.36939	-3.64214
-5.14107	-3.40143
-4.79378	-14.2222
-14.2496	2.77225
1.72326	-4.79671
-2.20622	-3.44017
-3.71456	1.89566
4.66447	-0.219062
-2.34167	-2.92001
-3.64007	-2.88225
-5.71005	-1.53629
-2.64465	-6.92878
-6.12108	-6.08748
-6.10522	-5.36935
-4.30075	-13.9097
-17.3808	-8.17975
-9.06308	-7.79736
-8.2649	-8.49093
-9.02266	-1.08393
3.87685	7.43981
1.91686	-1.73005
6.74398	-2.44793
0.795687	-3.50968
-5.72992	-4.7047
-1.14324	-1.36892
6.5203	-7.53096
-4.00606	3.85235
6.58125	-9.9048
-14.8769	-7.26433
-4.61596	-10.5707
-10.5604	-25.0461
-24.4441	1.15064
1.90268	-2.03912
2.57215	-6.56745
-4.68477	-8.62492
-10.362	-1.65997
3.997	-7.69453
-3.52693	-5.60557
3.84404	12.5963
4.28261	-3.44925
5.17441	3.93683
-2.32337	-5.66208
-1.23857	4.85917
-0.924514	-25.1049
-20.6224	-14.8024
-13.9284	-0.221463
-1.99484	-8.47101
-8.93916	6.98392
1.10171	7.28247
-6.67948	-0.984063
-0.281965	-5.78397
-7.72042	-9.10041
-15.7381	2.09156
4.54791	-8.88697
-10.6979	6.00124
5.26175	-0.803403
-4.1266	-0.226647
1.16284	1.73165
0.523723	-0.802572
-2.32293	-12.7984
-11.7132	-20.2749
-17.5775	-2.3312
-5.10381	-13.2247
-13.3645	3.84243
-1.21682	-3.4536
4.17066	-6.2421
-9.87529	-1.15293
-9.58984	-2.32891
-2.20185	9.28892
0.122212	-0.626913
-9.33017	3.93138
1.40628	4.75452
-6.07263	7.78165
9.29985	-7.08386
-7.86283	5.71253
3.00582	-14.2135
-12.9674	-0.550071
-2.4012	-11.7448
-10.0152	-22.1858
-22.1005	-8.05253
-6.81263	-3.00365
-0.154421	-4.01654
6.69611	0.396259
-0.441971	-6.57976
-3.09493	1.63068
-0.896895	-4.23472
-1.10987	1.69647
-0.676208	-1.46957
-1.65936	0.326989
2.7756	-1.41545
-1.61994	7.2254
-1.66223	-17.3479
-14.5259	-13.4729
-9.83539	-4.89996
-13.7647	-7.086
-10.7339	3.26756
1.56157	-9.64788
-10.8556	-4.63956
-8.53417	-7.02571
-5.99762	-4.84189
-6.39484	-2.50564
-3.94926	-3.15539
-2.15516	5.5088
9.82125	2.18152
-0.733053	-4.70081
-5.12776	-9.28402
-1.71602	2.73681
-2.5702	-27.9988
-29.1039	-10.6792
-10.5621	-2.38892
1.29629	-5.90066
-5.14087	-1.43343
-3.97351	-10.6394
-9.05222	3.98499
11.9841	-2.71206
-2.38793	-15.6038
-13.0435	2.66254
0.475477	-1.99614
1.36927	-1.40857
-1.44634	-1.81811
-5.15647	3.73338
1.44731	2.31274
3.25736	-0.7865
-2.73847	-6.69167
-6.1647	-17.3174
-15.7537	-14.969
-10.273	-14.7538
-12.0121	-4.77864
-0.254643	-1.84345
0.777962	-3.43006
-6.00439	-6.92076
-11.2132	-13.602
-1.89826	-4.65144
-10.2499	-1.90477
0.232921	-6.87582
-8.76989	-4.45682
-2.33848	-0.393816
-0.235754	-7.21899
-1.17353	0.252672
1.96072	-21.0794
-23.6046	-14.5424
-10.0121	6.49369
1.28391	-7.23557
-7.70357	0.338129
-4.29151	2.11552
3.25632	-0.417246
6.49834	4.42894
1.30182	2.6365
-2.2974	4.24835
-2.9792	0.577703
2.18821	-3.62246
5.24047	-1.53867
-1.511	1.47847
-3.02292	2.47496
-0.60593	-8.2278
-7.55627	6.41103
9.47765	-0.855307
-3.40054	1.11073
1.38361	-1.71904
-1.89143	-0.846255
-0.17284	-18.0529
-17.2996	-29.0716
-27.5516	-3.88619
-5.69726	-2.10943
0.285067	-4.43497
-4.31998	-8.04692
-9.15962	-3.47418
-1.88855	-9.58072
-11.4989	-10.8753
-8.78108	7.64177
9.72396	-6.60587
-7.86225	-0.366219
1.35543	-0.427232
-1.6032	-1.18357
-1.06662	-3.13846
-1.79923	-1.83481
-1.59465	-13.9686
-11.1229	-17.6446
-10.2528	-7.70246
-5.63768	-15.3748
-16.4286	-8.89977
-13.1067	-17.1649
-6.71733	-5.85165
-5.05976	-10.1072
-11.041	-7.46171
-4.03176	13.2056
3.41407	1.43115
4.92327	-6.44364
2.09862	7.14884
-1.89432	0.057256
-1.1601	2.2309
-4.45208	1.84408
1.65112	-12.5402
-12.889	-9.65855
-6.29861	-10.4611
-10.3899	-13.1376
-8.78946	-25.2952
-22.3822	5.14487
7.04867	-0.168759
-6.72263	0.420712
-2.85823	-6.5847
-4.55349	-3.49695
-5.21511	-6.01586
-3.1929	3.5844
5.55275	-4.11798
-0.110677	-4.09024
-0.167961	-4.74705
-5.11916	-1.29672
-0.791542	-12.1255
-12.9904	-15.0454
-16.7801	-6.63208
-6.78713	-28.6849
-28.6714	6.31309
5.75226	-1.47261
-2.48756	0.678298
0.409092	-5.37377
-3.47222	-8.20256
-9.03912	-11.4871
-8.55194	3.31043
2.87339	-6.92082
-7.627	0.185404
0.615305	-3.26327
-3.70962	-2.42767
-3.49149	0.094366
0.215602	-20.0365
-18.1616	-13.9428
-13.9454	-10.4211
-8.13611	-18.8659
-11.9459	-10.3765
-6.92681	-5.19188
-5.99526	4.32163
0.670738	-6.43492
-4.27044	-17.0403
-12.6843	-6.41061
-10.4811	-4.29204
-8.18605	2.1167
-1.24901	-3.85979
-4.2587	-2.96875
-2.36443	-5.12549
-7.17849	-2.11725
-0.252129	-8.44156
-10.6522	-9.21762
-9.88817	2.45198
5.83625	-9.25498
-7.54921	-6.10857
-6.47399	2.82263
9.69533	-2.42008
-8.74119	-0.489729
3.65594	-3.70509
-10.6098	-6.66672
-6.73734	-6.44719
-3.48067	5.68101
-2.69082	-11.5454
-4.47037	-0.880665
-0.103322	-1.0386
-4.37944	-1.50352
-0.484314	-16.3366
-15.4662	-23.4184
-22.2487	0.122969
-0.819982	-16.6293
-14.6026	0.0617544
4.29385	-22.3475
-17.7475	4.72978
3.15103	-8.11347
-7.62321	-1.69011
-2.0585	-1.65236
0.44446	-5.32622
-0.210884	-8.59461
-3.31994	-1.73074
2.76297	4.14728
1.27212	1.88049
1.05011	3.54756
3.68043	-18.455
-21.6485	-22.299
-24.7498	-5.65522
2.42422	3.23407
-9.60312	-5.70077
-10.0162	-13.4247
-11.0991	13.4665
12.0623	-11.2276
-13.1817	-3.3663
0.61079	-3.29725
-4.64317	-9.12572
-6.11491	0.789618
2.0842	3.62169
4.20212	0.722201
2.68777	-0.959539
0.845925	-3.42666
-2.1788	-16.5704
-16.6392	-18.5767
-17.5858	-4.61902
-2.46075	-20.3144
-18.4405	8.60258
10.2876	-7.82047
-5.50508	-15.2993
-14.7784	-1.76057
-6.43961	-5.33977
-0.725464	-0.824606
-4.02228	-3.18694
2.71232	-6.58925
-5.90439	4.05274
-2.23196	0.603521
-0.900965	-7.5424
-8.58905	-0.323348
4.53016	-21.2803
-22.4297	-12.9399
-16.453	0.814428
2.69955	-6.92592
-13.0537	5.09964
-6.74141	-3.38154
9.09942	5.25533
5.36725	-5.32975
-9.06528	2.1499
1.72852	1.75162
-5.47651	-1.1846
1.91262	5.1947
-4.08261	-0.506999
-1.15294	-2.49099
0.249114	0.77142
5.74696	-0.804629
2.21562	0.386323
-4.27819	0.311363
-0.195011	-2.18503
3.58118	1.49037
-0.536365	-11.3277
-8.99315	-9.54627
-9.82488	-5.97146
-1.70676	-24.5357
-24.6543	-13.8235
-5.89114	-5.20322
-2.23208	-2.95284
-8.00298	-15.9113
-16.07	1.34562
3.76329	-3.74798
-3.90913	-4.0227
-4.2923	6.97177
4.88558	-6.87951
-7.71125	2.20968
4.19356	-5.93831
-5.73733	3.65897
2.4335	-14.5296
-13.6198	-4.79389
-3.85028	-11.6445
-9.29247	-25.891
-26.6417	-2.00426
-9.59894	1.61197
0.971899	1.80578
3.46455	-10.3046
-7.83067	5.3142
3.11689	-1.76003
2.67754	-0.430936
-2.93641	-3.11129
-7.63262	-5.73585
-2.33006	-1.53531
-0.645689	-2.62618
-1.95546	-0.231766
-2.24085	-7.61372
-7.75807	-14.0749
-12.2993	-9.54544
-7.2913	-14.3585
-16.5829	-6.89553
-8.67641	2.75526
3.28802	-7.25105
-4.40659	-1.79947
3.03029	-3.8537
-0.443302	4.35319
6.40604	8.00408
6.62253	-5.59646
1.72938	0.729814
-4.28869	5.52572
0.748126	-5.31224
-6.8918	2.27253
4.64246	-30.6165
-24.3447	-3.32203
-7.15393	-7.95848
-9.33197	-28.5838
-23.1048	-5.16054
-6.74618	3.48755
5.90849	-3.26456
-2.59949	-9.2073
-12.6493	-9.29317
-7.97814	-0.318179
0.32415	-10.2343
-10.9752	6.67926
5.3896	-7.96732
-8.17075	-2.59561
-3.41103	-8.48129
-8.00272	3.33966
2.49144	-12.2555
-11.6656	-23.8298
-24.8994	-9.59606
-9.73215	-11.4081
-9.24713	-13.6522
-14.1033	5.5865
3.643	-10.6839
-12.2477	-13.2287
-13.8739	-7.16554
-9.49481	-1.38328
-6.33765	-5.50826
-7.30767	-2.90753
-7.19764	1.06286
-2.98012	-3.34832
-0.856204	-2.62004
1.90033	-3.0061
-1.02554	-14.8601
-18.3908	-1.35859
-4.09151	-3.81725
-9.23906	-2.46665
-1.63889	-8.78579
-10.9181	3.89966
9.4322	-6.38952
-0.892834	-9.96875
-1.09974	0.4663
-5.28182	2.56664
-12.6536	-4.07469
-7.8417	-1.23586
-6.19177	-6.02062
-1.53223	-0.486205
-6.22149	-2.23956
-5.04103	-5.41669
-3.53786	-8.57769
-8.59739	-16.9232
-8.06589	-0.956438
-0.581356	-23.1747
-23.6873	-5.05997
-5.34301	-15.9021
-16.4373	5.42842
4.68949	-12.2575
-13.0714	0.18722
0.369052	-1.85776
-0.690473	-8.00879
-9.17802	16.4999
12.1483	-3.61624
-4.23986	-3.30734
-3.53652	-1.77785
-3.12782	-2.3237
-4.77614	-18.1203
-19.414	-13.6898
-14.2784	-9.67369
-11.1973	-27.4862
-29.705	6.85266
6.52588	0.641805
-4.84173	-4.26077
-0.855346	-1.80467
-3.05389	-7.19264
-10.0115	-12.0408
-11.1893	3.96364
0.910832	-1.25658
-3.91721	-9.47693
-6.46211	0.12387
-4.92923	-1.57318
-3.26213	0.774887
2.3794	-29.7636
-29.4615	-2.38694
-3.90547	-2.92619
-7.37898	-6.62898
-6.93496	-7.52767
-9.01957	-3.78925
-1.46253	2.59744
1.07889	-11.1659
-11.9889	-7.45772
-4.43436	-2.80706
-4.0216	-5.63507
-5.54716	5.84517
4.88875	-1.09964
0.225288	0.0860836
-8.52364	-5.12847
-5.82647	1.89315
-2.36242	-22.915
-28.8703	-17.1879
-19.5009	-9.14652
-4.1781	-12.3184
-14.4625	-5.21326
-2.11054	3.17773
-0.501585	-5.87849
-7.43171	-11.0327
-5.41621	-2.08296
-7.0368	-5.37764
-1.66567	-6.1846
-1.88863	11.9472
12.2679	-3.5581
-1.22038	-5.02316
-4.09571	-5.72869
-7.33888	0.742359
0.974886	-10.1998
-11.7397	-4.73922
-2.93303	-16.5941
-18.6276	-10.4265
-11.7204	-4.61147
-3.35238	-16.9817
-10.7523	-2.99867
-4.02378	-2.1575
-7.64057	-11.2575
-12.8843	2.84093
1.5272	-5.07369
-5.65593	8.822
6.68583	-1.48951
0.65998	1.81196
-1.27116	-7.50178
-8.47748	-2.10899
-4.58328	-13.2364
-13.8022	-9.08309
-15.5043	2.71515
0.509617	-16.9976
-14.3326	-7.1431
-5.16317	-3.12608
-2.29697	-5.43032
-4.5303	-16.4225
-14.1025	-6.1628
-9.42103	2.74787
-0.382727	-0.396173
-6.11355	5.06885
10.7094	-5.10835
-4.81307	-4.00458
-7.16892	-1.94306
0.0835265	-6.49178
-4.61132	-7.2515
-10.0678	-7.20467
-9.5042	3.56873
-1.36669	-11.4378
-11.3654	-12.8367
-6.58532	-6.41161
4.22449	-5.81136
-8.90318	-8.71645
-8.36034	-6.92781
-10.9126	-15.3887
-9.86944	-4.24259
-4.69013	0.711059
-6.4256	-3.21254
-4.16027	-0.0985892
1.38769	-5.87168
-4.82423	1.28074
-0.0742171	-11.6508
-12.9688	-5.64881
-7.57629	-7.36101
-5.02132	-14.2006
-15.8102	-2.09396
-7.887	-1.63139
1.29178	-6.4659
-4.82985	-1.10839
-5.7285	-15.2923
-13.8323	-2.65779
-8.66387	-5.81304
-6.3365	-0.86879
-8.37227	-0.608332
-0.814681	-4.1229
-1.10233	-2.78611
-4.37769	-0.919942
-1.41684	-13.5655
-13.7978	-25.4773
-24.2285	-4.68202
-8.54703	-3.85915
-5.03575	-4.98521
-2.33584	3.62615
5.28696	-0.542432
-0.877434	-2.76251
2.08464	-3.7497
4.64088	1.66837
-3.82934	3.05799
-0.0574295	13.7461
-0.0740305	-1.95067
1.17547	-1.18237
-8.55199	2.32091
0.161801	0.381081
0.582828	-22.1948
-14.728	-14.8856
-19.7354	-10.9762
-10.1716	-6.33783
-9.99644	-3.80063
-2.23345	-9.02008
-9.46996	9.68036
11.9435	-14.1878
-12.4258	-7.49133
-7.88554	-5.87423
-4.94026	-1.82308
-0.474066	7.78116
2.39138	-5.73477
3.94287	-2.18335
4.31922	-4.44931
0.389282	-0.441668
-0.573361	-19.9443
-15.3716	-10.0557
-11.9906	-10.6565
-16.7622	-10.6832
-12.4449	2.79137
3.01308	-14.7004
-16.7762	-1.77283
0.0241872	-12.3155
-7.02171	-5.9201
-4.01821	0.22399
2.92344	-6.30832
-9.59037	7.39732
9.18595	-3.55383
-3.1719	-3.64563
-4.16283	-5.26218
-3.02847	-2.46986
-2.44597	-8.66436
-11.7511	-10.2767
-10.6043	-8.01939
-6.94465	-16.8001
-17.6866	2.6515
-0.785958	1.94676
-0.124605	-2.81797
-4.03464	-10.9481
-8.5724	-4.24245
-4.33405	-6.70228
-6.17149	0.462339
0.993038	6.52502
7.50576	-5.85603
-7.09239	4.88857
0.288637	-0.693001
-0.691499	-0.260494
0.467055	-11.9359
-12.4532	-12.0348
-13.86	-7.83502
-5.59054	-18.7315
-20.7938	3.82814
6.31531	-1.59556
1.2325	-0.399356
-1.77702	-12.4139
-7.13693	-3.3035
-3.45396	-0.0232321
-3.36576	-1.11107
-0.100158	-0.221235
6.15123	0.25371
-5.95552	-4.04129
-2.97205	-2.8854
-3.85713	0.925646
3.71664	-30.4063
-30.2367	-5.83304
-5.52975	-4.69529
3.38687	-7.23661
1.52024	5.34373
1.90187	-4.51329
0.912081	-1.72893
0.00234051	-3.4561
2.16421	1.65516
-7.97258	-6.42646
4.77963	0.817342
2.82789	0.386884
1.83111	-1.39714
-6.51868	-6.22679
-6.31269	0.287322
1.29931	-0.646365
-7.10342	-7.22699
-7.67851	-21.6303
-22.9475	-8.74796
-4.41683	-10.9507
-22.3473	-9.73624
-9.15877	-12.5628
-11.8124	1.97905
7.56381	-12.935
-10.44	-15.014
-9.69078	3.4391
6.45515	-0.627707
-1.97532	-1.4088
-1.85051	1.8672
1.58385	-4.53324
-6.29284	-0.731718
-3.08285	-3.14136
-3.81292	-9.88592
-8.30073	-25.1145
-24.4585	-0.433789
-2.14864	-11.9462
-10.866	-9.4637
-10.8801	-4.08727
-1.39446	-2.80158
-3.39164	-12.8873
-13.0969	1.49706
1.95802	0.216992
-3.77414	6.89346
-3.3459	-6.70056
0.994631	0.914918
-6.21409	-3.90718
4.80449	2.22066
1.20542	5.20704
1.53598	-9.8219
-10.6025	-18.8655
-23.259	-6.93336
-5.09827	-5.1956
-5.84276	-1.0115
-2.94656	-8.85334
-7.34747	-0.0494361
0.0294516	-17.6606
-18.9256	-2.63875
1.13377	-4.00705
-8.47764	5.18079
5.44497	-4.00374
-6.17517	4.50866
1.32041	-7.46896
-8.18176	-4.47288
-3.54223	-2.75604
-2.50802	-6.92671
-6.57287	-6.78867
-6.00694	-5.89565
-5.00389	-15.7862
-13.8416	-15.2157
-8.46177	-1.87149
-6.08113	-2.79273
-9.04528	0.187489
7.76006	-0.789101
-4.71837	-4.26831
-3.97745	1.72869
-4.43636	-0.609761
-0.854099	1.78203
0.867715	1.12441
1.38568	0.363893
-2.59232	-1.12515
1.41515	-27.5658
-24.4227	-5.79197
-6.27965	-6.95828
-11.7872	-27.5526
-31.2308	-2.82522
-1.21109	-6.82864
-7.66936	-0.933678
-5.65848	-1.87361
-10.8447	-4.2488
-0.0463574	-1.13487
-6.67442	-2.27531
-0.712775	3.58477
3.19428	-7.10993
-6.88372	0.426866
0.88722	-3.8885
-4.2023	-2.70156
-1.92729	-18.9861
-16.1158	-24.5941
-24.4577	-6.0451
-9.86548	-6.53324
-6.82588	-10.5627
-10.5767	-0.39359
-4.42571	12.4637
-8.32035	-11.4358
-13.2377	1.45357
-0.366426	-3.53897
-0.800422	0.669192
1.32055	3.71755
-5.66664	-2.65063
0.61075	-1.58251
-0.291238	-2.67028
-0.0296415	-2.70624
-3.68138	-16.3135
-13.7872	-24.8741
-18.48	-5.29851
-3.91593	-10.8871
-14.6738	-15.3918
-10.2257	-5.71033
-8.12449	-7.202
-10.8117	-12.2041
-0.111593	-6.32009
-5.8403	3.4243
1.1054	-3.75406
5.08824	4.16132
-0.771865	-2.8145
-1.35768	-7.20522
-0.129367	-2.24426
-4.33801	0.557613
-0.269577	-14.325
-12.3345	-18.822
-14.6703	3.37471
4.18875	-23.4522
-21.5185	-10.8364
-9.23235	-23.5134
-15.042	1.33861
-3.25864	-4.50792
-8.22848	-11.4319
-5.3362	2.34584
1.88525	-1.43995
-3.10495	-1.74809
0.287848	-2.41905
-2.96107	-0.639745
-0.776145	-3.01688
-4.3833	-0.243357
-3.87172	-10.5947
-12.6798	-16.5332
-16.7237	3.47711
0.393583	-5.86937
-4.19836	-1.63123
2.83367	1.58296
-9.78022	-2.14103
-6.54463	-4.55198
-0.165214	-11.1402
-8.49825	-4.26574
-3.89167	-5.63119
-4.78941	1.07598
6.34864	-5.57027
-3.17065	-5.50468
-9.59592	-7.55525
-4.20075	-2.52929
-4.80259	-8.35672
-9.41586	-2.1877
-3.58648	-2.72002
-2.75453	-20.1805
-21.5216	-8.4712
-7.89812	-9.39704
-10.6509	-6.50094
-8.01029	-8.25322
-5.88422	-4.62512
-1.28882	-4.47979
-6.10314	-4.77139
-4.79827	10.0384
5.85483	-4.57301
-4.37542	0.726403
0.396348	-1.64497
-4.07417	0.570052
0.220943	-10.6463
-18.3797	-13.2024
-16.3414	-3.20044
-4.27068	-12.1187
-7.9393	0.657668
-0.191093	12.2718
3.76734	3.93388
14.3724	6.55404
-1.97463	-7.79606
-10.9871	-11.4022
-18.7801	1.40145
-4.5502	-4.06625
2.67291	-5.14306
1.13949	-2.10009
0.141374	-5.51872
-2.50331	-3.68284
1.33022	-8.7281
-9.16635	-8.80439
-9.07281	0.690965
0.485498	-21.4121
-21.9993	-7.04785
-6.92062	-16.2165
-15.1014	5.97733
7.1223	-13.7643
-17.2952	-10.0313
-8.19156	7.59784
10.4168	-9.99769
-4.92036	5.23877
6.51897	-3.60987
-6.019	-0.785318
0.0817268	-1.8048
-2.90006	-0.186156
-0.200425	-16.201
-16.2519	-19.4332
-16.7791	-7.2797
-6.50218	-13.3816
-17.3098	-4.59304
-1.62478	-10.7914
-8.94011	8.62508
6.73204	-20.0988
-17.3885	-3.28468
-4.05418	-1.07567
-1.76287	-5.39341
-6.08443	4.51762
1.77159	0.228689
0.0916459	-2.93881
4.05336	-4.42495
-4.76669	1.0757
-5.40306	-27.9747
-30.3	-3.84981
-7.80207	-9.90564
-8.49032	-0.953794
-2.35108	-4.70854
-1.76199	6.95272
-4.64673	-9.52516
-10.8786	-12.4797
-19.8332	2.90087
2.22331	-1.39444
-4.40354	-3.39899
-2.81465	0.688887
-1.57796	-2.23909
0.190433	0.322484
3.93845	-1.87717
-4.29463	-1.64987
-3.17655	-22.7829
-14.8362	-10.0851
-9.16685	-11.3399
-6.21442	-3.13711
-7.40104	-2.37076
-2.00181	-6.97683
-7.95056	-2.2182
-5.04488	-16.0797
-16.0667	1.44656
3.40969	-2.4864
-3.69494	-4.60554
-3.94332	2.53054
3.07066	-2.19163
-3.84154	2.51614
1.72233	2.03073
1.30741	-2.58902
-1.97144	-13.6232
-7.58303	-11.47
-14.4956	1.83183
0.657622	-14.6898
-18.8284	-1.71
-5.73309	-9.59045
-15.1841	2.36317
3.04975	-8.1626
-5.58224	-12.0071
-8.32206	-4.1416
-5.81011	-2.95186
-6.09031	6.05063
-0.172012	-2.40932
2.08965	2.73365
-0.0893469	0.400627
-7.69622	-1.26643
-1.01107	-25.0591
-22.4122	-11.4504
-12.9047	6.06917
2.87121	-4.96827
-7.65955	2.19683
-1.33478	-2.69395
0.984353	3.24257
2.93497	6.8201
4.53152	-5.6404
2.14559	6.89769
-0.208077	0.714581
1.77835	-1.54233
-1.84705	4.48637
5.54265	0.0470002
4.54228	1.80572
-1.89197	-0.426289
-0.842765	-1.69996
-0.662257	-10.7992
4.49172	3.45118
3.15638	-2.95262
-6.37348	-1.81826
-1.49495	-8.49352
-9.56805	-12.6002
-11.6298	-5.82673
-6.67263	-12.9379
-12.9324	-3.95356
-4.49922	-27.0547
-30.7279	0.423256
-1.65895	-9.21417
-9.53861	7.66077
6.47401	0.0501347
0.150792	-11.282
-12.6697	-5.42482
-5.45138	-6.21877
-2.08909	-9.93877
-6.57232	-6.40196
-0.785843	-4.40682
-4.35765	-7.33755
-9.09694	-9.9815
0.107237	-6.99367
-1.34551	-10.4022
-9.65939	-9.30756
-1.63852	6.63145
-1.21142	-5.48212
-9.6821	4.40332
5.19845	-0.447617
-2.32711	8.58329
2.47318	5.40994
1.85963	7.79524
-3.50389	-2.39155
-5.60175	-0.790416
-0.190197	-3.89171
-1.40969	-3.23917
-1.64975	-24.963
-25.5236	-16.1853
-11.458	-14.0162
-18.1603	-24.0973
-22.353	-2.63865
0.301224	-14.7635
-11.2564	-8.24868
-6.36365	-3.36196
2.1178	-1.86311
-4.43989	3.81513
-1.80957	-5.66485
-1.29352	-3.30808
4.70567	-4.0064
-3.70856	-6.61389
-4.56222	-4.47395
-3.06	-2.0277
-4.47601	-16.7587
-17.7796	-23.2638
-25.4229	-3.64661
-1.88604	-14.6454
-14.9679	-2.73704
-3.53565	-6.93978
-6.06498	1.72183
-1.25461	-18.7192
-18.184	2.68167
2.39987	4.06278
3.82119	-7.10655
-7.96973	8.57359
9.03434	0.701475
2.10715	0.423958
0.266466	4.20337
-3.2977	-1.1414
-4.71119	-16.2836
-16.0006	-26.4148
-20.2329	-4.00836
-4.47235	-7.5807
-4.15304	-6.38835
-1.23261	-9.42007
-7.08252	5.54954
17.5123	-10.2552
-7.04676	-6.44804
-4.21236	-8.43725
-6.01598	-0.363918
-1.62796	-0.250361
-2.86744	-0.422602
0.614972	3.00863
2.39605	-2.54781
-2.46036	-4.10237
-3.32751	-10.5455
-10.6565	-8.76298
-7.89829	-4.24977
-2.09418	-24.932
-26.3417	-4.86306
-5.41823	-16.713
-14.8322	11.2105
6.82411	-14.956
-15.5984	-9.64219
-8.21076	9.77667
8.62663	-4.86932
-5.20545	6.92914
6.14996	0.803005
-0.596698	-1.94631
-4.38288	-3.37467
2.05256	0.409405
-6.3312	-27.987
-29.8876	-8.79138
-5.5495	-5.97984
-6.39717	-5.01919
-6.58935	-0.421977
-4.22254	-4.0646
-0.443333	-10.1825
-0.747763	1.15343
-10.3642	-14.1068
-7.93281	-8.95521
-4.47321	-7.91417
-7.98974	11.1249
10.9238	-6.54869
-4.13152	0.617517
0.974583	-4.94478
-4.01085	-0.385454
0.115409	-16.7982
-16.2455	-23.245
-24.019	-2.37135
-1.70336	-13.0306
-11.2063	-3.9816
-5.02971	-5.39681
-1.96076	-7.52326
-2.86725	-17.0403
-19.8754	2.88058
-0.273987	-2.90791
-5.44224	-6.34197
-0.318887	-2.06008
1.64769	-5.44897
-1.69598	4.7541
1.39845	-3.7052
-2.48855	-4.64789
-3.63305	-8.47306
-10.8594	-15.7169
-15.6358	-7.78999
-5.03748	-13.2397
-13.8069	-5.62318
-4.4894	-1.17244
2.87804	-0.215023
-0.251594	-3.28323
-5.40118	-1.37511
0.308882	-1.37461
-2.10908	-6.28727
5.0597	1.26319
1.40584	-7.20262
2.28436	-2.78543
-3.39721	-4.42371
-2.68964	-0.308959
-0.632809	-13.2243
-15.1438	-1.80917
-3.07182	-12.8318
-13.0174	-19.09
-17.4137	3.79071
4.84746	-0.785284
-7.33745	-11.9471
-11.56	-4.67232
-3.46257	-4.18962
-4.63357	-6.55883
-7.02822	3.8751
1.4935	-3.16747
-1.79407	-5.75846
-9.64653	0.690113
-1.29906	-8.3665
-8.11677	-2.00904
0.98301	-21.4235
-23.0299	-9.9185
-12.7191	5.47176
3.72622	-6.84194
-8.72976	-4.50278
-3.90228	-2.80895
6.351	3.72985
1.01372	-5.21715
-4.48404	2.45745
3.2915	0.667111
2.25315	-6.41787
-3.24338	-4.1372
-2.4693	-2.04139
-4.80632	0.00590774
-5.08931	-5.07281
-7.4033	-6.7644
2.59284	-2.02336
-1.62242	7.8994
3.37669	2.4759
-1.23455	3.82876
4.22921	-2.77628
3.86077	-1.39095
-1.59628	0.662241
-0.0397365	-18.9082
-15.5926	-4.51573
-7.20153	-5.05233
-10.0648	-22.1991
-25.1864	0.570589
4.77759	-9.28625
-1.16602	-2.06873
-2.65696	0.232166
-2.74754	-10.6961
-14.7626	-3.59888
-4.59347	-4.0852
-7.03738	0.253767
-0.179802	0.155603
-4.0595	0.373858
2.12362	1.57484
-4.76198	1.99165
-3.1372	-14.0649
-14.0925	-12.7479
-12.4068	-7.86563
-7.61657	-18.9824
-22.8796	-5.80467
-2.04727	-9.4847
-13.6377	-6.9796
-1.76516	-6.97464
-4.47618	-3.74497
-0.458766	-3.16379
-5.03721	-2.75314
-1.4562	1.29737
0.36415	-3.74014
-2.50875	-5.40671
-6.33921	-6.41661
-6.89222	1.71277
-0.187106	-16.0197
-15.8984	-2.61051
0.576595	-6.43818
-3.51877	-29.9116
-32.2152	-0.754947
-3.47028	-0.120193
4.01489	-4.64242
-2.81477	-7.01118
-10.1284	-12.0637
-11.6721	-0.324434
1.50042	-7.39814
-8.73876	-3.84357
-6.11801	-2.00116
0.0913673	-7.05611
-6.05669	-0.476709
1.51168	-2.97746
0.562588	-11.7666
-16.5924	-12.6891
-9.93943	-1.11207
-7.768	-16.8738
-18.2016	-9.27409
-9.4777	0.518496
-0.552205	-14.8458
-14.4705	4.05073
2.18847	-12.9367
-16.929	3.57568
5.12716	-5.94818
-6.48578	9.40839
9.41382	-1.67696
-2.98165	-0.985581
-2.91639	-4.41248
-5.73106	-4.00583
-3.58583	-6.21777
-7.44395	-6.9383
-5.0759	-5.96332
1.62378	-19.9031
-12.0084	-12.5019
5.01741	-4.96595
-15.1107	-0.381549
-0.582168	-7.09885
-5.71304	-12.8132
-12.6016	-3.13716
-4.59048	-0.840665
-2.93624	5.75459
5.23678	-1.63082
3.04965	-0.491978
-2.39018	-5.94986
-5.21563	-3.04286
-1.39419	-9.50557
-9.59377	-11.9561
-11.9459	0.815568
1.44056	-26.4613
-24.9404	-3.69811
-5.48735	-4.15607
-0.117444	-7.52473
-9.77854	-10.9221
-11.3094	-3.86868
-4.52472	-3.44958
-6.24001	-0.712547
0.172481	2.68907
0.926015	0.292034
2.47252	0.962407
-0.635344	-5.0263
-4.99035	-1.52152
-1.73105	-19.5184
-19.9432	2.69928
3.04833	-16.2001
-18.0399	-23.6736
-24.6343	-2.53824
-0.35981	-7.18414
-4.76175	4.2886
1.26918	-3.50666
-6.58361	-6.92038
-4.69247	-7.4041
-6.45891	1.82484
0.483305	2.96658
3.66158	-4.8689
1.36107	-5.70274
-1.34056	0.244068
-6.34412	-4.98919
-3.61488	-7.8321
-7.28292	-7.83675
-5.12704	-1.81698
1.17577	-20.8762
-15.9243	-7.703
-8.85127	-5.55024
-7.55034	-1.13653
-7.33579	-9.72221
-16.1033	-8.07763
0.00510361	2.81697
-1.64825	1.91913
7.66385	7.61061
5.1799	-2.90732
0.220732	-2.01277
5.947	1.11431
-1.05013	0.70789
-2.48507	-19.0016
-17.9644	-27.3243
-24.9245	-3.91688
-4.53121	-12.6529
-16.7217	0.302207
-4.82336	0.771921
1.64695	-9.96255
-6.85401	-9.80641
-16.1657	-1.087
-0.0681311	9.50371
2.061	-1.43292
-9.44148	-1.53545
2.4266	-1.50269
3.56331	3.77648
4.9208	-2.0007
2.9595	0.877351
-0.718763	-26.7531
-26.0356	-4.07088
-12.1062	-5.20443
-4.49651	-8.55728
-7.21153	-5.81698
-1.68366	8.18068
-4.30942	-5.94204
1.16448	-2.68345
-1.4565	-7.0303
-14.407	-5.29037
-13.0976	2.44794
0.871932	1.52339
-3.6459	-2.21116
-2.14482	-2.51255
-4.60916	-2.89728
-4.82596	0.418841
0.49562	-24.5696
-27.7493	-4.0259
-6.38102	-12.3191
-13.3993	-1.71833
-1.51837	-3.51844
-7.77626	-0.103846
5.79471	-0.495518
0.00543532	9.92832
-1.4318	-15.8847
-18.4813	-9.82314
-8.87115	-6.81922
-3.51331	0.880969
2.05766	2.64718
3.21345	-1.29831
-0.507347	-4.68434
-1.56752	-3.2136
-3.29066	-12.6814
-10.6465	-11.5757
-6.95537	-3.51533
-1.05804	-16.6008
-20.4886	-10.9375
-15.0436	-2.55663
-2.6664	-3.47734
-1.49771	-10.6575
-5.2066	-9.19072
-6.02773	-5.19544
-2.12378	-1.5538
-6.18443	0.0274134
7.50813	-2.2646
-5.24575	5.99274
5.87826	-0.534095
1.79459	2.62416
2.11743	-10.8281
-11.1811	-7.70417
-12.8828	-7.37253
-1.46693	-10.4067
-4.0329	-2.49293
1.48706	-9.83054
-8.02835	-5.63687
-9.90611	-9.45122
-17.4708	7.42353
4.60419	2.08359
-3.6412	-5.81662
-6.34828	6.71097
1.40619	-6.46557
-7.3149	1.94688
-5.25034	-2.31253
1.77481	1.54877
-2.33778	-27.3169
-28.5078	-7.77907
-8.27375	-7.46031
-6.19534	-7.59881
0.296989	-13.7027
-5.84618	2.55596
-5.26225	-7.79764
-6.74586	-4.4629
-3.78516	-7.40929
-4.43046	-15.8484
1.39367	3.77006
-1.75547	1.23677
10.9004	4.22979
2.91806	2.46929
1.05399	-0.0538923
-0.578594	3.80734
-0.598714	-23.9176
-23.0285	-11.8543
-9.14913	4.14011
3.63087	-7.96928
-5.84059	-3.06135
-8.79107	-3.83729
-7.18852	-4.74809
-0.171657	-10.7076
1.9892	1.87122
-5.69494	-4.87379
-4.32223	-3.26608
0.664464	-0.403586
-4.09823	-1.33664
-6.16462	4.51998
-1.84065	-7.03707
6.83741	-8.92364
-0.351791	1.83989
0.916408	-2.12485
-2.2383	-4.55304
1.73693	-0.923336
2.78788	-26.6272
-25.2672	-15.6406
-11.3061	3.8917
6.5948	-7.38169
-10.392	2.77915
0.715011	2.62358
-3.93004	-0.978381
2.15751	4.3883
6.45718	-0.917929
4.14264	-8.77986
-4.32973	-9.2222
-15.7633	-11.6785
-11.0144	5.25024
-2.13046	1.42718
-6.32467	1.7579
2.00537	-4.27426
-6.24031	-16.6432
-15.6734	4.08883
3.81487	-20.3541
-19.5895	-18.9446
-21.1937	-7.21656
-6.46707	-9.4938
-8.88064	5.09012
5.24101	-4.64925
5.20058	-6.92605
-1.22832	-10.5045
-11.1607	1.97321
5.9325	5.0352
7.93364	-2.6368
4.46842	0.210964
4.44119	-2.83339
1.03727	1.27485
1.03972	-17.8926
-17.4991	-8.20637
-11.0992	-13.9948
-11.368	-22.8108
-23.6062	10.2146
9.82245	-12.6686
-13.9778	-4.2194
-3.23765	-7.27475
-7.30808	-11.4807
-11.0515	-1.39633
-2.68939	-0.559893
-3.77277	5.23908
6.1692	-3.44002
-5.95913	-5.41288
-4.11741	-5.46182
-8.95044	0.00103155
-0.8107	-8.89802
-12.4252	-2.05082
-1.73231	-19.6205
-16.1639	-25.9243
-25.6382	2.52503
-2.14581	3.64691
2.07425	-4.16512
-2.67862	-9.62008
-9.07838	-4.13736
-5.84962	-7.3771
-6.94754	-0.558936
-2.05845	4.09926
2.43267	-8.96513
-6.61904	-0.0221343
5.57698	-5.62196
-6.69733	-0.0851176
-3.12383	-26.3135
-28.0766	-12.8839
-8.52014	-4.3976
-8.31583	-8.73488
-13.8341	6.51516
0.333664	5.26671
-3.81228	-8.0559
-9.75681	-18.8729
-16.1203	5.4181
4.91307	-7.41474
-2.25498	-6.99858
-5.13852	4.84061
6.38392	-7.06758
-0.824677	-1.70096
-5.39836	-1.71101
-3.29538	-5.1652
-0.864583	-8.86394
-8.91028	-8.19349
-10.6988	-2.12713
-1.46495	-28.1498
-27.0166	-2.46484
-3.44932	-16.8788
-16.7103	7.34348
3.88115	-14.1711
-14.9098	-7.28306
-12.1175	7.62679
-3.99741	2.91777
6.71623	2.17416
0.531416	2.35697
6.2245	-1.53027
0.271559	-6.4551
-6.75295	1.17636
2.97039	-6.06512
-5.88043	-9.05961
-8.92124	-4.76666
-6.58649	-16.2399
-16.5864	-12.216
-7.98259	-5.01715
-3.15217	-7.17799
-11.4377	-2.27135
0.882323	-8.94935
-8.63497	-7.12859
-4.73481	-11.6074
-9.76625	1.55218
1.16531	-1.89649
-5.92777	0.458718
1.48456	-5.59846
-5.54067	-2.58678
-0.961724	-15.5531
-16.3383	-21.7727
-20.5873	-9.32134
-9.93873	-13.3798
-12.4364	-0.510984
0.672663	-11.1517
-13.6525	11.0395
9.29005	-20.0495
-18.0666	-5.37928
-7.26354	2.52588
4.45696	-5.214
-5.4613	0.395586
-2.74127	1.90249
7.84808	-8.63035
-4.85001	-2.26445
-7.12821	6.59898
4.29444	-31.3994
-28.9503	-8.73166
-9.82632	-4.37212
-1.48616	-3.35139
-13.1647	-6.14027
-10.1178	-7.80014
-0.602355	-4.73382
-13.2129	-22.9179
-16.0294	-3.83166
0.565366	-0.489786
4.66907	-4.26823
0.549539	-2.52731
1.6628	1.44018
0.533333	-2.44234
-0.777551	-4.88273
-5.19176	-0.0980755
-2.19965	-9.95671
-9.19726	-9.84033
-8.66923	-0.789994
-2.68122	-18.1697
-18.05	-13.8832
-7.19988	-4.74933
-11.8593	-5.79404
1.31484	-0.493175
-4.84998	-5.79335
-1.6938	-4.81624
1.33845	-0.953972
-5.55507	2.47998
0.702859	-3.73121
-3.27255	-1.93719
1.267	-0.148567
-1.16749	-5.20364
-3.88666	-17.8862
-17.5134	-14.4269
-14.3965	-3.45628
-3.20214	-16.7017
-17.4931	11.1168
9.26647	-7.24783
-5.77364	-12.5343
-11.9222	-7.04702
-7.80989	-4.65115
-1.13347	-6.82889
3.11903	-5.57323
-11.1328	9.76708
9.31103	7.3916
7.02579	-5.45254
-10.1668	-0.122086
-2.36121	-2.61131
-1.35155	-10.6338
-13.0086	-4.54384
-1.10237	-15.314
-16.0481	-6.34249
-11.1107	0.912436
-3.05622	-11.4958
-9.15802	4.4815
0.186448	-10.5345
-0.576609	-7.2123
-9.24784	-14.3174
-7.3908	-7.56724
-5.45936	4.00546
11.6913	-0.996904
5.37759	7.63179
1.12121	-8.76068
-8.87377	2.2568
-0.176526	-24.5734
-26.9678	-6.29355
-4.95458	-3.49505
-13.6189	-17.3853
-16.9856	-4.76511
-6.71126	-0.250543
7.47314	-10.9069
-8.64968	-0.13938
1.32338	0.0813989
-3.50409	-1.85318
-10.299	-1.87466
5.93523	-2.10048
-3.14983	-1.16503
7.02192	3.49662
4.36742	-3.1903
-2.72275	1.72661
0.750001	-20.3621
-19.2694	-9.05596
-8.48645	-3.70032
4.64417	-10.7315
0.348299	-5.34964
-8.78464	-5.587
2.19136	0.222031
-0.891454	5.1111
-3.55077	4.70956
3.00281	-4.81286
1.60734	5.5586
0.783296	0.236147
-2.58843	-4.13286
-3.19643	-3.2734
0.399457	2.60396
2.57581	-0.0233931
-4.22247	1.05804
2.237	-31.5933
-31.4127	-10.7697
-7.61407	-10.1138
-8.2369	-10.689
-23.8848	-6.77324
-4.43984	-9.28623
-12.0864	1.22237
1.2118	-2.13665
1.00355	-8.03286
-5.20051	-1.5674
-2.29198	-5.54405
-8.45288	-2.58155
-0.913927	-0.679644
-1.72234	4.53785
1.67605	-1.60611
-3.39675	3.58891
4.25426	-31.7797
-31.2571	-12.1708
-10.5921	-4.4326
-3.14534	-12.3909
-9.83693	-4.46922
3.08204	-7.31653
-3.81123	-14.1435
-12.1289	-9.91975
-10.5166	1.29613
2.60501	-3.06554
-2.53131	-3.87508
-4.03506	1.61665
2.76783	-4.55338
-5.53551	-2.05986
-2.02528	-3.15544
-3.23855	-3.032
-2.56666	-24.0996
-23.4348	-19.8427
-19.7061	-1.53289
-2.93207	-20.9643
-21.8596	0.323825
-2.63441	-6.24778
-7.81389	-10.7868
-1.46025	-8.72747
-6.88849	-9.79108
-13.401	-7.49302
-7.84295	-10.5326
-12.6898	-1.23276
-2.33945	-2.20528
-3.92039	-4.56301
-4.40874	-3.82998
-5.45887	-1.69509
0.654161	-24.34
-23.2348	-6.2911
0.710252	-10.679
-11.5084	-2.31276
-0.791753	-4.33402
-8.62817	4.45523
7.00734	-2.2854
3.14706	-1.54547
-6.60807	-0.511415
-2.10394	0.296986
-4.61622	-4.84231
-3.44715	0.968703
0.367861	4.19439
4.62926	7.15661
7.83003	-5.13098
-5.07201	-0.0968478
1.29135	-25.1631
-23.4262	-10.4921
-15.9072	0.862054
2.73389	-14.2326
-12.3521	0.538201
-5.13639	-6.21004
-10.4043	-3.75949
-2.89402	-7.37689
-6.9439	-8.50289
-7.17095	2.09493
0.104658	-8.49599
-7.00899	-0.35239
3.49991	0.21478
2.98819	-4.11881
-4.02532	-5.37757
-4.86921	-1.33587
0.745354	-9.6435
-8.76676	-8.73495
-10.3298	2.84228
3.78566	-23.2126
-21.2793	-7.47905
-6.33829	-15.6325
-16.2932	8.09154
7.87227	-10.1571
-7.55022	-7.35213
-2.45372	-2.76974
-5.30224	3.00193
3.45051	1.06037
-1.40173	-1.60794
-1.11749	1.44195
1.47316	-5.93205
-6.96859	-0.48764
-1.24445	-20.2753
-19.3552	-13.7515
-15.5027	-8.40839
-7.35577	-22.0178
-24.6448	3.05042
-1.10244	-2.25888
-1.9101	-16.1921
-11.0088	-13.7175
-12.7323	-18.4618
-21.0277	-13.539
-6.05154	0.564156
0.0637958	3.83208
4.45952	3.36691
4.74545	0.478779
0.937169	-3.42758
-2.36571	-1.03943
-2.41533	-28.8896
-30.258	-8.99977
-8.36718	-7.86689
-13.0745	-14.5784
-10.3246	1.97095
6.39212	9.47426
14.655	6.21087
-0.781881	0.0607217
1.01719	-0.403267
-9.52377	-7.53683
-1.33988	6.13497
9.76263	2.1785
-0.0829132	-0.665266
5.83783	2.888
-1.54021	-1.25802
0.711343	3.28254
3.03435	-14.2963
-14.9254	-9.31266
-12.943	-4.69879
-7.99726	-12.0415
-8.56267	-10.6389
-6.11168	-12.2209
-6.79109	-4.68961
-6.26798	0.69885
-3.159	-6.02564
-1.49438	-11.7054
-8.85555	-5.01561
-7.00772	3.20715
-0.249967	-6.69326
-3.24991	1.10929
1.19437	-3.35099
-5.04591	-1.48975
-0.497462	-18.5947
-17.7292	0.626981
3.59877	-4.86693
-3.57867	-20.3863
-18.8565	-8.12611
-10.4284	-10.0588
-7.35284	-4.29259
-6.37169	-7.75567
-6.02681	-6.67205
-6.61905	0.504443
-2.5882	-0.177075
2.55055	-1.45219
1.39334	1.54258
-0.539767	-3.50917
-1.00202	-1.51176
-3.61075	1.08367
1.47561	-17.4789
-18.5739	3.93466
5.35768	-17.1921
-16.972	-24.6299
-24.7085	-2.58607
-3.04889	-8.5556
-9.16278	5.6447
4.41902	-3.94017
-2.20075	-6.16799
-7.14327	-4.38258
-7.05248	-4.69726
-3.82834	-1.33652
-1.99213	5.45773
3.8941	-0.769255
1.21066	-5.03105
-5.12101	3.65355
1.51379	-17.0242
-15.008	-18.7051
-17.0484	-4.85419
-2.02039	-8.77085
-11.0727	2.58601
-1.5135	1.02454
-4.03844	-11.7281
-7.63988	-8.76337
-10.4008	-1.64482
-4.89687	-13.0464
-5.96866	2.0156
0.709613	6.07761
8.95628	5.69429
-4.77366	-2.12264
9.46557	0.239202
-0.41067	0.837241
-2.6819	-28.8926
-29.9744	-10.4908
-9.02346	-9.42498
-14.6525	-15.658
-5.53466	-5.81175
-5.30991	11.0666
4.16995	-1.08602
-13.0543	3.93233
7.04609	3.68579
6.09301	6.89169
-4.89382	-0.569367
0.874522	1.99165
5.29264	-0.982368
-1.98337	-4.97638
-3.84124	2.26166
0.880771	-0.157692
1.30022	-10.0377
-12.63	-2.74607
4.14905	-4.64146
4.4416	-0.285641
2.47047	2.20412
-3.65791	-3.61966
-9.14979	-8.29785
-1.48209	-0.767941
-1.0922	0.252261
4.25788	-9.91864
-2.77229	0.90131
1.78411	-5.41679
-7.56966	-0.819745
1.75266	-19.4241
-19.9743	-6.04742
-6.15646	-14.3911
-16.1469	-24.0285
-21.026	5.50541
5.27486	-13.1603
-13.0143	-4.86492
-5.36927	-5.72659
-4.04072	-12.4302
-12.7149	2.88377
1.06702	2.77528
3.96674	-4.94347
0.251336	-3.89254
-3.04419	-7.31128
-5.52919	-9.43406
-8.89085	-0.611645
-3.81557	-8.48927
-7.68916	-15.2834
-14.7449	-7.72557
-6.64696	-23.315
-23.667	5.24057
2.07378	-3.46097
-2.74214	-9.05269
0.0089953	-12.0356
-10.7207	-9.84831
-4.32134	2.23604
3.09067	-3.26748
-3.79762	4.73832
4.69586	-0.495396
-0.460025	-2.62732
-3.30835	-1.38977
-0.755348	-3.76885
-0.492665	-10.6252
-9.21441	-13.0474
-12.2637	-5.54899
-7.98465	-15.3723
-12.3385	-3.83881
-3.45291	-9.97688
-3.64478	-4.39512
-0.945908	-3.28583
-5.69962	2.7944
-2.8276	1.1925
-6.57781	3.86479
-4.00433	8.09804
4.85796	-5.84193
2.79801	6.31022
0.870412	-5.11159
-4.28531	2.94856
1.31509	-16.9812
-15.9655	-26.184
-23.9367	-3.49944
-3.31901	-9.4029
-7.58847	-0.894086
-3.00797	-4.79979
-5.72318	-5.6549
-3.53348	-14.9481
-12.236	-6.87761
-7.47418	0.32302
-5.45125	-5.10897
-7.17424	2.38397
-4.09399	0.765601
-1.88048	-2.12825
-3.20481	4.76627
-3.65767	1.27915
3.52798	-15.6465
-15.5881	-24.1373
-24.0141	-8.24014
-6.63106	-12.1001
-9.9923	-3.03214
-5.46785	-2.03672
-0.414907	-0.292527
6.33862	-16.8435
-17.6776	-4.87122
-5.84725	5.79492
2.56627	1.4558
-0.0769811	-1.42096
0.134032	-5.26316
-4.84903	-5.56526
-8.52717	-2.45141
2.7271	-1.63549
-1.96684	-16.8839
-12.9863	-6.46811
-11.5281	-5.31015
-5.64753	-18.8919
-17.6124	-11.73
-11.2776	-0.390215
-3.56157	6.63104
11.4854	-18.1907
-13.894	-8.82723
-4.14639	4.4479
-1.84916	-2.77041
0.43932	-0.49445
-0.642399	2.68106
-0.217937	-0.622756
0.3763	-4.03011
-2.28905	0.0863917
-1.73934	-13.3999
-12.993	-8.72205
-9.02724	-4.0368
-4.76165	-20.4132
-22.3264	-2.26915
-1.82285	-15.7475
-14.2008	2.33149
-7.17658	-6.4798
-6.1788	-7.23704
-6.84238	-2.72806
-1.57882	1.31483
-2.25358	6.21685
2.60427	0.707751
-2.37044	-2.04419
0.786433	-7.1374
-8.51412	-1.03429
-1.43196	-11.2939
-10.3112	-18.8268
-11.9669	-3.04016
-0.998309	-17.4535
-11.5234	-8.2028
-8.5971	-3.86809
7.74619	8.88897
3.39194	-1.23332
-4.35744	0.510335
3.07725	-4.90094
-6.24766	-7.81493
-6.61662	-1.06481
1.55699	-4.27149
-1.42501	0.287986
0.0843401	-4.35669
-5.96928	-3.09909
-3.11721	-12.5363
-12.1242	-20.1463
-19.5278	-4.99663
-2.80402	-16.6877
-17.2792	-8.16714
-9.44312	-6.74111
-7.65342	7.97618
4.83363	-15.888
-15.5227	-1.12429
-8.6172	-0.430876
-3.07612	1.0054
-1.11349	-1.97318
-12.6308	3.03161
-1.2521	0.14678
-1.18911	-2.98703
-1.51864	-0.433629
-2.84086	-15.6292
-16.2154	5.37253
3.78071	-14.0304
-14.8474	-20.3663
-21.504	-3.50028
-2.0946	-14.4657
-14.6716	7.04618
10.1301	-6.39892
-4.53197	-7.2656
-7.66259	-4.7753
-4.17253	-0.831936
-3.5453	3.47708
-2.39461	-0.740021
-7.03839	3.36075
4.76324	-0.424511
2.18569	0.660707
1.42687	-14.3071
-12.4125	-20.3645
-21.8059	6.71813
8.79804	-0.918761
-0.205518	-3.18493
-4.50104	-10.1554
-12.7558	-4.41011
-10.9996	-9.68399
1.61459	-4.91793
5.36397	3.29975
4.45057	6.24586
-3.66112	-7.05098
-5.23053	-0.302629
4.00679	-0.486442
-0.669577	-5.648
-0.59024	-5.00223
-3.52578	-0.821363
0.703451	4.15494
2.15549	-1.98342
6.88656	-0.625259
0.628018	-1.38386
0.561834	0.911952
5.3141	6.87207
0.560144	5.67287
1.28	-1.01986
-2.49646	-1.45618
-4.38242	2.17924
0.477006	-2.99942
2.47184	-20.0805
-22.8692	-12.6424
-10.7128	1.62873
-0.233622	-6.97274
-17.2962	-11.3225
-9.99068	2.1253
-2.40036	12.113
12.4878	-15.0357
-15.6627	-4.26779
-1.70553	-0.803697
0.313064	-5.5838
-6.86331	1.76632
1.85856	-5.49892
-3.16078	-0.567886
1.56707	-6.03777
-4.43533	-2.41686
-0.478145	-12.7907
-19.1779	-5.06223
-10.2806	-12.9025
-7.34361	-1.25446
-5.30293	-2.2809
-1.20135	9.891
1.05157	-8.08312
-8.49764	-8.06841
-11.1801	-6.57697
-7.82654	-2.64476
0.929408	-4.32094
-2.29541	-2.50494
-3.99624	1.11732
-0.790968	-1.8327
-0.831447	-8.1674
-8.98503	-4.58626
-4.43746	-12.801
-12.0835	-19.8029
-19.9114	-8.55883
-7.94523	-11.2434
-13.4704	-7.45314
-7.04009	1.12494
-8.2249	-0.929758
3.24752	-6.44068
-7.23432	-8.88973
-12.6721	-7.78107
6.65409	-12.9793
-5.93315	-2.65105
-4.82409	-4.73506
-4.32141	-6.53604
-4.90953	-4.9814
-2.57823	-2.87133
-2.42491	-11.5008
-11.4762	-23.0442
-24.4185	-2.34646
-5.48828	-12.1522
-13.3258	-9.03171
-10.3358	-1.76915
-3.13429	-7.40925
-5.91568	-14.1349
-20.8226	-0.0245688
-2.50241	3.14183
2.49333	-1.61679
-3.85496	1.51617
-0.205228	4.7984
-2.11378	2.01913
-4.0454	2.12987
-3.27273	-1.46995
-1.81426	-26.1321
-30.1582	-9.24944
-12.2989	-2.7538
-4.44235	-8.28023
-5.45671	-8.10936
-6.71943	-2.68803
2.86497	1.57635
8.55259	-14.9423
-13.4566	-6.698
-6.47103	-6.25592
-5.85258	-1.53656
-2.10267	-0.42373
-1.90548	0.403548
1.6954	-1.37107
-1.8489	-2.00544
-3.87201	-1.93437
-0.953316	-17.999
-18.593	-6.26112
-12.0459	-0.024823
1.25074	-13.4348
-12.0506	1.85633
-6.6473	-0.956637
5.67224	-1.5383
-9.05409	-11.1785
-7.91001	-4.17441
-4.39268	-7.00029
-6.47674	-2.1973
-2.33211	4.43292
3.03286	-3.13873
-0.970895	4.37972
2.57745	-8.03092
-8.56696	2.66386
2.42804	-19.9995
-15.6921	-0.404931
-8.99009	-7.51023
-8.85642	-16.7806
-11.2086	-5.13291
-11.4712	2.07296
-4.18454	-5.03853
-7.10159	-2.5873
-9.80348	-12.2032
3.07733	-12.6986
-11.9007	-3.08712
-2.06915	10.2363
9.95667	-5.89819
-5.48484	-1.01414
-0.941726	-4.29014
-4.17807	0.112934
0.156497	-13.0302
-12.1307	-19.1759
-10.5551	-1.677
1.56478	-17.4887
-15.549	-8.29276
-3.69897	2.32226
6.00022	-1.75146
2.0907	-5.14969
-1.39615	-1.87277
-8.18053	3.72452
3.92968	5.74844
-6.7895	-2.16708
0.610661	-1.90786
-0.1293	1.29207
-1.83379	-4.98987
-1.77707	-1.79383
-5.19411	-16.793
-16.9216	-15.2126
-15.9123	-3.9361
-4.35725	-20.6347
-20.9061	8.05778
7.36812	-9.08237
-9.21574	-10.0878
-9.41986	-5.566
-10.6888	-2.025
-6.27538	-5.81755
0.626928	-7.68353
-7.91628	1.30463
1.36356	7.16059
6.30509	-4.71184
-4.13109	2.66727
3.0362	0.19289
-0.763472	-14.8305
-15.5125	-1.7811
-0.692724	-14.32
-14.9612	-11.2106
-5.65339	-0.656626
2.01488	-15.486
-13.0955	-2.4036
1.12343	-12.5651
-10.5064	-7.22339
-3.68716	-9.86706
-11.3076	0.863961
3.01995	0.804276
1.46527	0.870384
7.5711	2.20086
8.42564	-2.53866
-2.05223	3.91878
-2.2111	-29.4913
-30.8421	-4.65032
-6.70152	-8.43976
-8.0337	2.82488
4.50185	2.09766
-5.10566	9.30222
2.11071	-2.19615
-2.95682	-3.90011
1.63161	4.97518
1.51273	-0.582463
-2.00054	7.51779
-3.05835	5.45189
-1.11034	0.565866
1.4621	-5.48347
2.86946	0.293747
-1.93651	-0.225142
1.91239	-24.4492
-24.204	-13.2578
-13.2852	1.95137
-5.70982	-13.3299
-14.5815	-0.902654
-0.970422	-7.37159
-13.9403	3.37257
2.0017	-12.4957
-12.0128	-7.43355
-6.16869	7.37085
9.59522	-10.1664
-8.17217	8.01132
3.18138	2.95596
0.222247	-4.11053
-1.04975	5.73562
3.76175	2.73978
-2.24855	-11.9156
-12.42	-18.2926
-25.3364	-4.7725
-2.56729	-10.9564
-11.4124	-2.36629
-3.40807	-5.15518
-5.67734	-0.532985
1.34501	-17.9814
-18.0022	-3.63218
-8.56502	1.54231
0.524109	-8.64489
-6.692	3.17148
3.65614	-1.21081
-0.967259	1.00235
1.20133	-9.17073
-8.52828	-2.19186
-2.76937	-12.4403
-12.1444	-24.2856
-23.2033	-7.67525
-8.96823	-8.81996
-7.14135	-5.69191
-6.55209	-10.3285
-8.61394	-3.31858
-2.17304	-0.248683
-2.92246	-15.5107
-13.4816	-8.35049
-5.78282	1.30631
1.05983	-2.34829
-4.12727	-5.84355
-6.56602	0.69059
1.87335	-5.35022
-7.31093	-0.233405
1.16638	-12.3775
-12.7517	-22.1868
-23.1912	-11.0186
-9.0602	-6.82099
-7.37073	-11.1943
-10.5378	-4.35655
-2.87522	-5.11206
-5.64319	-13.4887
-11.6332	-7.17083
-9.82867	2.6805
3.40252	-2.93397
1.67414	-6.78573
0.321156	2.52569
3.75732	-5.40387
-9.15979	-7.84643
-9.15933	-0.954522
1.25024	-6.98078
-5.71377	-7.09341
-6.29593	-4.99686
0.247615	-14.9441
-12.007	-7.27423
0.844061	-1.76909
-0.955341	1.08046
-1.31616	-15.5911
-20.9729	-6.4226
-6.41319	-4.31289
-11.7518	-13.1647
-4.37157	-3.08766
1.96147	-0.055712
-3.1831	-2.45533
-2.15596	-2.71216
-5.00474	-1.0039
-0.627552	-12.7691
-10.4136	-23.2292
-13.9324	0.311504
0.421967	-25.2672
-26.586	-10.5307
-10.5211	-13.8031
-18.8868	5.97519
-3.70147	-9.22587
-10.2186	-3.54251
-0.489193	-0.984982
-1.55091	-0.80492
-1.74687	6.11165
9.03368	0.0195176
5.29109	-3.57112
-7.93093	-1.84906
-2.3292	-2.06052
-4.96924	-17.2321
-27.6055	-12.5234
-16.2194	-6.23789
-1.19337	-11.8067
-24.9484	9.34492
6.05273	-4.0644
1.20174	-11.0697
-3.2847	-0.545707
-0.726956	-1.41926
-4.00255	-4.94615
-5.49153	4.99564
9.49545	2.97308
-1.99477	0.785351
2.80951	-3.8911
-7.27549	-2.53022
-2.20866	-4.37254
-0.664524	-9.20827
-13.7353	-1.67594
2.14446	-1.05277
-3.71637	-5.08897
-0.726432	-10.5272
-12.6834	-15.3673
-10.8864	-6.13583
2.99193	-13.677
-5.0425	-5.49133
-4.47407	-9.46892
-9.09176	0.556548
-1.92193	3.50743
1.45063	7.77529
2.74371	-4.40498
-4.60673	0.350278
2.01621	-3.82508
-2.30953	-5.16439
-5.58934	-16.5914
-22.6333	-9.61223
-8.98241	-7.83045
-8.37974	-7.14652
-9.68909	0.343937
-4.00253	-1.90776
-4.88918	-9.02981
6.27781	-9.53908
-8.12269	6.04533
-1.63363	-1.50768
6.6565	-0.150991
13.7953	9.57759
1.72653	-2.26953
0.962223	-7.07422
1.18911	3.17859
1.21094	-22.3617
-21.846	-18.2508
-15.6819	0.382136
-4.13527	-7.03225
-13.352	-5.63527
-4.06213	-6.18106
-7.60535	-7.53948
-6.30513	-4.62262
4.93438	13.6829
2.21729	4.07128
2.63286	-1.44219
4.87588	-3.95862
2.97333	5.37254
-0.210616	-6.36623
4.51647	-4.42528
-4.35777	1.51974
-7.52309	3.23693
1.80188	-4.25154
1.82748	-2.84358
2.49268	7.56548
-10.6672	4.23482
-3.89951	-5.30222
-2.85326	1.05756
-0.21054	-5.90472
-4.24863	-2.66894
-5.77945	-1.0614
-0.364554	-4.40085
-2.77692	-17.5224
-18.7048	-25.3963
-24.8662	-5.73321
-7.37568	-7.85926
-7.00006	-5.17773
-7.84648	-7.82074
-8.16475	6.48881
9.97429	-3.60897
-2.22102	-9.66381
-12.6143	-4.64214
-2.95163	-4.27338
-5.81761	-1.65471
-3.03513	-5.97511
-1.59331	-0.19097
-0.435476	-5.7792
-6.80655	4.33121
1.86074	-16.1047
-17.605	-6.20375
-4.14809	-9.40924
-12.6589	-28.811
-29.3749	2.19809
1.64954	-9.25076
-11.4382	-0.220784
-1.08553	-1.04393
1.00405	-9.37913
-10.7734	-7.42006
-9.91507	1.21587
1.45189	0.821658
5.55616	-6.08536
-6.59185	-7.24318
-6.47856	1.51314
1.92649	-2.7225
-3.26249	-8.57726
-8.34933	-10.1814
-8.72313	-9.24892
-6.78151	-23.4564
-26.754	-1.1511
-3.38714	-18.0017
-3.98696	-4.87046
-8.94814	-12.3514
-10.5872	0.174565
-0.597249	-5.19074
-5.95435	-1.80741
-2.8661	-2.79415
-2.6985	-10.937
-11.6797	-3.24728
-2.36072	-6.64359
-6.92414	-0.764298
-1.47469	-13.3841
-11.9694	-14.9945
-9.16962	-12.0928
-9.04158	-16.707
-6.4216	-10.096
-12.3564	5.98262
4.65989	-11.8812
-8.21576	1.1648
2.06658	-4.71492
-6.12838	-12.6151
-2.85481	3.68113
-1.43501	-1.73413
2.73531	3.75124
2.44158	-1.25613
-1.89899	1.16539
-0.331695	-7.69581
-2.21993	-9.64771
-10.135	-11.8647
-10.1538	-3.8833
-2.4447	-18.1374
-19.1237	-4.70996
-8.68871	-21.4898
-15.436	-2.61492
-3.62094	2.42585
-8.89988	-0.740972
-2.54761	4.88253
0.897417	-2.41711
-0.331837	3.82391
-0.445576	-4.9166
-5.88446	-0.909288
0.37445	-4.51387
-4.93506	-1.96332
-1.09866	-10.0468
-13.5351	-10.5868
-5.68186	-8.43838
-9.81311	-2.55861
1.28736	-6.39672
-5.49746	-1.31124
-3.86612	-2.61817
-6.34407	-3.11064
-10.6083	-0.602126
12.2259	-17.425
-8.14798	-7.80975
-5.15087	3.97785
6.35782	-4.94549
-3.10812	1.04299
2.69155	-0.675753
0.739294	2.44509
1.50932	-12.7121
-14.8757	-8.11377
-10.0459	-2.02528
1.41991	-7.31708
-9.12542	-3.87099
-1.18681	3.06364
0.362217	3.83736
4.97304	-0.522074
-10.9309	-6.24943
-2.82358	-12.7539
-13.8466	4.27066
3.36842	5.4042
6.42229	-0.57263
4.11805	-3.70025
-3.13906	-3.02514
-4.80925	-3.93247
-2.64018	-10.2943
-10.3119	-12.2864
-12.0428	-3.64078
-3.29299	-17.705
-13.1487	-10.8206
-10.926	-0.141903
5.65725	-7.88896
-9.11314	-3.05066
-6.07364	-10.312
-4.94017	-0.557839
-1.60144	-3.05381
-1.81705	2.85437
1.33539	1.21086
-1.00431	-5.94406
0.684631	0.96146
-2.72342	-0.850653
-2.95338	-7.52384
-8.35329	-21.8651
-22.1784	-4.36607
-4.65982	-8.52541
-6.5078	-11.1917
-11.3496	-5.65065
-10.0205	-0.45398
-5.52714	-14.6587
-6.23115	-8.40643
-12.2903	0.107987
-1.91913	3.16535
0.62236	2.33125
3.3615	-7.12555
-5.42818	4.96307
0.507636	0.0641965
5.77925	1.40688
-4.96709	-32.4896
-31.9767	-7.02794
-7.21089	9.12102
-7.46959	-13.3908
-16.0506	-4.80785
-4.20902	-4.76522
-2.76937	-10.1768
-11.9912	-7.45883
-4.08395	-7.13777
-7.8562	2.29745
4.64716	-15.0249
-13.7355	9.84583
9.97999	0.889526
1.74896	-3.6593
-2.37441	0.23978
-0.450824	-0.877696
0.541599	-16.3747
-17.0793	-23.1995
-24.5067	1.58754
2.70147	-6.4624
-4.77996	-7.36106
-7.14591	-3.98524
-6.5483	-5.26898
-3.79436	-14.9804
-16.4838	-0.0048793
2.27859	-0.826316
-3.87117	-1.99457
-4.60804	1.60593
-3.0441	4.13613
-1.52396	-0.282117
0.908203	-0.226377
0.770872	0.521008
-1.01162	-11.6641
-13.2754	-6.66621
-7.76064	4.12794
5.81294	-7.29329
-6.03576	-1.44832
1.65764	-1.60931
-1.09756	-4.62113
-6.54347	-2.66643
-6.29283	-6.88667
-5.391	-0.0248054
1.83775	-8.42064
-4.51352	5.79611
7.25428	-7.43597
-5.25702	-2.71409
-5.73597	-5.05723
-5.87885	-2.7162
-2.18306	-16.2277
-14.2446	-10.3502
-20.2145	-1.70172
-1.50323	-13.8824
-12.8	-4.51804
-4.88523	-6.72717
-5.53995	-3.2132
3.37023	-19.4174
-19.2777	-3.12519
-6.42858	0.377388
-3.4843	-6.39956
-10.4967	4.06469
5.54173	0.34171
-3.65469	-3.69189
-4.2819	0.663035
1.12403	-4.7644
0.284802	-24.0118
-19.1909	-16.064
-17.5217	-11.7484
-10.0041	-10.9058
-12.5991	-10.5564
-11.5579	2.09853
2.22092	-2.04038
-1.70548	-20.2861
-18.9079	3.40737
-6.11927	-4.85377
3.15187	-6.16257
-2.56113	4.83331
-3.50435	-7.09053
-9.62521	-6.6903
-0.816943	-0.342295
-3.04223	0.535879
-0.877711	-7.75463
-7.90626	-11.3635
-7.74183	-0.680144
-4.16779	-13.7406
-15.694	-14.1902
-15.2976	-13.4987
-4.23524	-1.69065
4.84529	-6.44494
-10.7155	-15.6584
-10.2679	2.19479
1.95877	-4.1262
-2.39902	-0.098873
1.16737	0.323848
0.645537	3.20067
0.733694	-6.17295
-6.9986	-4.74187
-4.02809	-7.77528
-10.0769	-10.3356
-9.97198	-0.645716
-0.389129	-13.1179
-11.8775	-1.76464
-0.154633	-0.584322
3.79372	-4.20261
-11.5222	-13.7099
-11.2514	-11.394
-12.5087	-8.52416
-5.89834	-0.659945
-0.903504	5.36141
3.33528	-4.77463
-1.72709	0.276473
4.25132	-5.9543
-5.90076	1.21208
-4.79452	-13.5461
-24.6671	-10.8021
-15.344	-6.73482
-8.04042	-14.0097
-15.4341	2.18917
1.35389	0.876809
-5.29158	-8.31018
-4.20065	-5.37575
-6.05177	-7.54076
-5.02065	-6.46345
-5.74535	1.04264
1.44543	1.44946
0.651762	-1.18891
-1.2199	4.28718
2.31977	-8.50669
-9.91891	-1.42669
-3.53503	-6.9551
-5.89531	-5.42359
-2.31871	-2.87964
-2.30813	-9.94624
-17.201	-7.17306
-3.07196	-5.20741
-1.00432	-9.08415
-2.38601	1.97199
-8.75624	-13.3759
-6.26964	-13.5234
-9.28237	-3.90757
-2.31016	4.61008
3.12854	-9.57211
-3.01039	-6.22855
-7.03268	-3.0775
-2.329	-4.24111
-4.80112	-15.7367
-16.356	-24.3852
-22.8443	-5.59073
-4.85182	-12.1162
-14.5847	-5.02916
-1.48983	-4.49894
-8.48457	-9.30025
-4.0103	-3.21027
-4.98735	-9.95883
-9.85815	-0.273302
-0.31279	-5.17715
-5.49777	11.6555
10.6344	0.762108
2.67186	-2.98538
-2.84861	-3.62318
-5.48709	-2.24344
1.71994	-14.2351
-17.531	-9.83639
-15.0275	-9.01016
-4.4248	-14.072
-14.973	-0.800944
3.9945	-0.918383
0.27865	-12.1094
-12.4557	-8.72146
-9.381	-1.29891
0.512757	-2.38514
-4.28266	-5.40133
-4.22509	1.35394
4.64696	4.01197
2.45387	-0.8774
-3.00043	-4.23474
-1.70983	-4.53022
-3.26917	-9.41863
-10.1243	-16.938
-18.1659	-5.19752
-7.81452	-11.022
-10.2598	-5.14453
-3.86946	-7.10345
-5.79014	0.0849743
-3.60211	-11.0415
-11.362	-4.59194
-0.508445	2.10903
-0.12332	-1.93637
-2.63077	8.48163
7.35457	3.74956
4.25135	1.1292
0.518228	-1.3814
-2.06008	-2.55793
-0.946035	-13.6482
-13.4185	-6.11816
-2.97141	-19.2112
-18.9505	-10.5857
-10.2223	-3.97702
-1.63073	-17.3683
-17.0325	3.63732
-0.0838305	-8.23457
-8.29066	-7.74109
-6.40718	-3.25763
-3.80668	2.82612
-1.47809	0.255629
-0.00187482	-4.76954
-3.01066	-4.03477
-4.03	-4.7754
-6.99745	-3.06149
-3.40485	-18.5934
-16.0651	-20.3785
-19.8576	-6.54934
-6.90289	-9.18623
-6.68486	-4.12077
-3.84642	-4.60626
-5.9099	-1.9692
-0.752914	-6.93822
-3.2582	-17.2945
-15.6486	-0.427426
0.224205	-6.91856
-7.54339	6.00378
7.19758	-1.95161
-1.56541	2.15538
0.518828	-2.1346
-4.86979	-0.271095
0.186747	-11.0523
-10.0652	-7.42987
-5.51404	-3.40612
-7.95918	-14.3432
-9.28972	-9.75489
-6.03237	-14.2424
-14.9181	2.54814
0.365955	-1.88676
1.99874	-11.1592
-9.64149	-9.97423
-9.51307	1.2459
-0.919684	3.78622
7.03801	-5.98439
-5.55208	1.52076
-0.921054	-3.18882
-2.3509	-0.935664
-0.941126	-27.6358
-27.3321	-1.12389
-4.78121	-6.05523
-5.5423	-2.30498
-0.982459	-5.03111
-1.11868	15.5216
11.1355	-3.65867
3.51527	-4.76187
-22.8706	-7.87278
-4.35579	-8.06307
-9.24428	0.660734
-9.79657	-2.14758
-2.75334	-2.6458
1.09491	-0.768635
0.716362	-4.55617
-0.765135	-4.3152
-1.54716	-10.3967
-12.5813	-6.97094
-3.69277	-3.22021
-3.49318	-27.9378
-28.417	4.08238
1.9116	-14.4567
-12.667	2.5693
2.81068	-1.32604
-0.869617	-10.2654
-11.009	-5.14773
-4.09494	-3.9609
-1.38809	1.03005
3.62301	-3.86301
-2.63012	1.98776
3.71034	-6.22983
-3.23895	-0.337956
-1.39664	-11.7954
-16.8213	-6.91287
-12.4582	-4.04803
-5.83857	-15.5565
-17.2415	-2.06808
13.8634	-12.2214
-11.5153	-7.72246
6.81765	-4.01651
-0.15217	-9.37918
-10.8087	-1.56141
-3.88557	-7.08362
-10.4959	8.95175
2.24431	-3.2397
-1.85611	2.02589
1.6629	-0.0473564
0.385128	0.995091
1.80774	-25.8775
-22.9759	-12.699
-13.8408	-3.79158
-2.83222	-14.6998
-12.701	-5.02852
-9.61313	-4.33812
-4.74384	-5.10453
-16.1017	-14.4444
-13.5773	-8.67939
-12.3137	-6.25524
-11.9047	-2.47296
0.682262	7.28496
-5.81876	0.619754
2.25149	4.37489
5.04571	-2.73055
1.57743	0.859251
-3.15246	-20.4786
-18.9463	-16.5033
-15.3816	0.98546
7.3413	-4.13369
-6.26038	-0.408029
3.02274	1.80826
-4.17255	-1.15056
1.44336	6.80524
