DATA: 3760 x 9
Feature 0
-0.105882	rho[0][1]
0.0865823	rho[0][7]
-0.0766023	rho[0][5]
0.0702693	rho[0][8]
0.0351232	rho[0][6]
-0.0137137	rho[0][2]
0.00685942	rho[0][3]
0.00433893	rho[0][4]

Feature 1
-0.724252	rho[1][2]
0.692876	rho[1][3]
-0.49616	rho[1][4]
0.399561	rho[1][5]
0.138446	rho[1][7]
-0.113105	rho[1][6]
-0.105882	rho[1][0]
0.0227597	rho[1][8]

Feature 2
-0.805909	rho[2][3]
0.747299	rho[2][4]
-0.724252	rho[2][1]
-0.49207	rho[2][5]
0.291775	rho[2][6]
-0.183793	rho[2][7]
-0.0725759	rho[2][8]
-0.0137137	rho[2][0]

Feature 3
-0.805909	rho[3][2]
-0.757081	rho[3][4]
0.692876	rho[3][1]
0.604468	rho[3][5]
-0.30817	rho[3][6]
0.13475	rho[3][7]
0.0483557	rho[3][8]
0.00685942	rho[3][0]

Feature 4
-0.772326	rho[4][5]
-0.757081	rho[4][3]
0.747299	rho[4][2]
-0.49616	rho[4][1]
0.469476	rho[4][6]
-0.290636	rho[4][7]
0.0706756	rho[4][8]
0.00433893	rho[4][0]

Feature 5
-0.772326	rho[5][4]
-0.748392	rho[5][6]
0.604468	rho[5][3]
0.533422	rho[5][7]
-0.49207	rho[5][2]
0.399561	rho[5][1]
-0.262845	rho[5][8]
-0.0766023	rho[5][0]

Feature 6
-0.756941	rho[6][7]
-0.748392	rho[6][5]
0.469476	rho[6][4]
0.464657	rho[6][8]
-0.30817	rho[6][3]
0.291775	rho[6][2]
-0.113105	rho[6][1]
0.0351232	rho[6][0]

Feature 7
-0.756941	rho[7][6]
-0.717835	rho[7][8]
0.533422	rho[7][5]
-0.290636	rho[7][4]
-0.183793	rho[7][2]
0.138446	rho[7][1]
0.13475	rho[7][3]
0.0865823	rho[7][0]

Feature 8
-0.717835	rho[8][7]
0.464657	rho[8][6]
-0.262845	rho[8][5]
-0.0725759	rho[8][2]
0.0706756	rho[8][4]
0.0702693	rho[8][0]
0.0483557	rho[8][3]
0.0227597	rho[8][1]

